NIVUS	STR

CPU32:	V4.10	27/01/14	FLASH : 8000B	DSP   : (1)V1.62 11/10/13 (4)
Datum	04.04.2014	c:\STRxxxxx.txt

		Fenster min[m]:	 0,060
		Fenster max[m]:	 0,990

Datum	Uhrzeit	Füllstand [m]	Geschw. [m/s]	Durchfluss [l/s]	T [°C]	ADC_1 [m]	ADC_2 [mA]	ADC_3 [V]	ADC_4 [m]	

22.04.2014	00:00:00	0,006	0,000	0,000	9,2		131,047	12,789	
22.04.2014	00:02:00	0,006	0,000	0,000	9,2		127,861	12,789	
22.04.2014	00:04:00	0,006	0,000	0,000	9,2		130,450	12,789	
22.04.2014	00:06:00	0,007	0,000	0,000	9,1		130,412	12,789	
22.04.2014	00:08:00	0,007	0,000	0,000	9,1		124,979	12,789	
22.04.2014	00:10:00	0,007	0,000	0,000	9,1		132,471	12,789	
22.04.2014	00:12:00	0,007	0,000	0,000	9,2		133,603	12,789	
22.04.2014	00:14:00	0,007	0,000	0,000	9,2		124,589	12,790	
22.04.2014	00:16:00	0,007	0,000	0,000	9,2		130,659	12,789	
22.04.2014	00:18:00	0,007	0,000	0,000	9,2		130,645	12,789	
22.04.2014	00:20:00	0,007	0,000	0,000	9,2		123,894	12,789	
22.04.2014	00:22:00	0,007	0,000	0,000	9,2		132,726	12,789	
22.04.2014	00:24:00	0,007	0,000	0,000	9,2		134,015	12,789	
22.04.2014	00:26:00	0,007	0,000	0,000	9,2		130,472	12,789	
22.04.2014	00:28:00	0,007	0,000	0,000	9,1		131,595	12,788	
22.04.2014	00:30:00	0,007	0,000	0,000	9,1		132,973	12,789	
22.04.2014	00:32:00	0,007	0,000	0,000	9,1		127,375	12,789	
22.04.2014	00:34:00	0,007	0,000	0,000	9,1		130,157	12,788	
22.04.2014	00:36:00	0,007	0,000	0,000	9,1		130,371	12,788	
22.04.2014	00:38:00	0,007	0,000	0,000	9,1		127,354	12,788	
22.04.2014	00:40:00	0,007	0,000	0,000	9,2		131,201	12,788	
22.04.2014	00:42:00	0,007	0,000	0,000	9,2		133,663	12,789	
22.04.2014	00:44:00	0,007	0,000	0,000	9,2		131,144	12,788	
22.04.2014	00:46:00	0,007	0,000	0,000	9,2		121,216	12,788	
22.04.2014	00:48:00	0,007	0,000	0,000	9,2		130,501	12,788	
22.04.2014	00:50:00	0,007	0,000	0,000	9,2		131,562	12,788	
22.04.2014	00:52:00	0,007	0,000	0,000	9,2		130,501	12,788	
22.04.2014	00:54:00	0,007	0,000	0,000	9,2		130,336	12,788	
22.04.2014	00:56:00	0,007	0,000	0,000	9,2		131,416	12,788	
22.04.2014	00:58:00	0,007	0,000	0,000	9,2		133,603	12,789	
22.04.2014	01:00:00	0,007	0,000	0,000	9,2		130,512	12,788	
22.04.2014	01:02:00	0,007	0,000	0,000	9,2		121,772	12,788	
22.04.2014	01:04:00	0,007	0,000	0,000	9,2		133,831	12,787	
22.04.2014	01:06:00	0,007	0,000	0,000	9,2		130,404	12,787	
22.04.2014	01:08:00	0,007	0,000	0,000	9,2		130,575	12,787	
22.04.2014	01:10:00	0,007	0,000	0,000	9,2		134,100	12,787	
22.04.2014	01:12:00	0,007	0,000	0,000	9,2		127,837	12,788	
22.04.2014	01:14:00	0,007	0,000	0,000	9,2		128,268	12,788	
22.04.2014	01:16:00	0,007	0,000	0,000	9,2		130,241	12,787	
22.04.2014	01:18:00	0,007	0,000	0,000	9,2		127,921	12,787	
22.04.2014	01:20:00	0,007	0,000	0,000	9,2		133,598	12,787	
22.04.2014	01:22:00	0,007	0,000	0,000	9,2		127,310	12,787	
22.04.2014	01:24:00	0,007	0,000	0,000	9,2		130,721	12,786	
22.04.2014	01:26:00	0,007	0,000	0,000	9,2		127,557	12,787	
22.04.2014	01:28:00	0,007	0,000	0,000	9,2		128,843	12,787	
22.04.2014	01:30:00	0,007	0,000	0,000	9,2		129,994	12,787	
22.04.2014	01:32:00	0,007	0,000	0,000	9,2		128,453	12,787	
22.04.2014	01:34:00	0,007	0,000	0,000	9,2		129,177	12,787	
22.04.2014	01:36:00	0,007	0,000	0,000	9,2		128,184	12,786	
22.04.2014	01:38:00	0,007	0,000	0,000	9,2		133,228	12,786	
22.04.2014	01:40:00	0,007	0,000	0,000	9,2		122,852	12,787	
22.04.2014	01:42:00	0,007	0,000	0,000	9,2		130,946	12,786	
22.04.2014	01:44:00	0,007	0,000	0,000	9,2		130,344	12,786	
22.04.2014	01:46:00	0,007	0,000	0,000	9,2		128,054	12,786	
22.04.2014	01:48:00	0,007	0,000	0,000	9,2		130,333	12,786	
22.04.2014	01:50:00	0,007	0,000	0,000	9,2		131,427	12,786	
22.04.2014	01:52:00	0,007	0,000	0,000	9,2		132,507	12,787	
22.04.2014	01:54:00	0,007	0,000	0,000	9,2		132,558	12,786	
22.04.2014	01:56:00	0,007	0,000	0,000	9,2		122,529	12,786	
22.04.2014	01:58:00	0,007	0,000	0,000	9,2		127,677	12,786	
22.04.2014	02:00:00	0,007	0,000	0,000	9,2		128,048	12,785	
22.04.2014	02:02:00	0,007	0,000	0,000	9,2		133,009	12,786	
22.04.2014	02:04:00	0,007	0,000	0,000	9,2		122,963	12,786	
22.04.2014	02:06:00	0,007	0,000	0,000	9,2		133,424	12,785	
22.04.2014	02:08:00	0,007	0,000	0,000	9,2		121,807	12,786	
22.04.2014	02:10:00	0,007	0,000	0,000	9,2		132,952	12,785	
22.04.2014	02:12:00	0,007	0,000	0,000	9,2		131,918	12,786	
22.04.2014	02:14:00	0,007	0,000	0,000	9,2		130,385	12,786	
22.04.2014	02:16:00	0,007	0,000	0,000	9,2		130,339	12,785	
22.04.2014	02:18:00	0,006	0,000	0,000	9,2		127,815	12,785	
22.04.2014	02:20:00	0,006	0,000	0,000	9,2		127,826	12,785	
22.04.2014	02:22:00	0,006	0,000	0,000	9,2		130,268	12,785	
22.04.2014	02:24:00	0,006	0,000	0,000	9,2		130,737	12,785	
22.04.2014	02:26:00	0,006	0,000	0,000	9,2		130,572	12,785	
22.04.2014	02:28:00	0,006	0,000	0,000	9,2		130,737	12,785	
22.04.2014	02:30:00	0,007	0,000	0,000	9,2		131,031	12,785	
22.04.2014	02:32:00	0,007	0,000	0,000	9,2		130,252	12,785	
22.04.2014	02:34:00	0,007	0,000	0,000	9,2		128,179	12,785	
22.04.2014	02:36:00	0,007	0,000	0,000	9,2		133,638	12,785	
22.04.2014	02:38:00	0,007	0,000	0,000	9,2		130,436	12,785	
22.04.2014	02:40:00	0,007	0,000	0,000	9,2		130,480	12,784	
22.04.2014	02:42:00	0,007	0,000	0,000	9,2		127,926	12,784	
22.04.2014	02:44:00	0,007	0,000	0,000	9,2		128,086	12,785	
22.04.2014	02:46:00	0,007	0,000	0,000	9,2		130,930	12,784	
22.04.2014	02:48:00	0,007	0,000	0,000	9,2		130,691	12,784	
22.04.2014	02:50:00	0,007	0,000	0,000	9,2		131,416	12,784	
22.04.2014	02:52:00	0,007	0,000	0,000	9,2		132,471	12,785	
22.04.2014	02:54:00	0,007	0,000	0,000	9,2		130,564	12,784	
22.04.2014	02:56:00	0,007	0,000	0,000	9,2		133,242	12,784	
22.04.2014	02:58:00	0,006	0,000	0,000	9,2		128,154	12,784	
22.04.2014	03:00:00	0,006	0,000	0,000	9,2		130,303	12,784	
22.04.2014	03:02:00	0,006	0,000	0,000	9,2		128,784	12,784	
22.04.2014	03:04:00	0,006	0,000	0,000	9,2		130,379	12,784	
22.04.2014	03:06:00	0,007	0,000	0,000	9,2		130,225	12,783	
22.04.2014	03:08:00	0,007	0,000	0,000	9,2		130,914	12,783	
22.04.2014	03:10:00	0,007	0,000	0,000	9,2		132,444	12,784	
22.04.2014	03:12:00	0,007	0,000	0,000	9,2		128,208	12,784	
22.04.2014	03:14:00	0,007	0,000	0,000	9,2		131,204	12,783	
22.04.2014	03:16:00	0,007	0,000	0,000	9,2		133,017	12,783	
22.04.2014	03:18:00	0,007	0,000	0,000	9,2		130,507	12,783	
22.04.2014	03:20:00	0,007	0,000	0,000	9,2		128,040	12,783	
22.04.2014	03:22:00	0,007	0,000	0,000	9,2		125,210	12,784	
22.04.2014	03:24:00	0,007	0,000	0,000	9,2		132,148	12,784	
22.04.2014	03:26:00	0,007	0,000	0,000	9,2		133,576	12,783	
22.04.2014	03:28:00	0,007	0,000	0,000	9,2		130,767	12,783	
22.04.2014	03:30:00	0,007	0,000	0,000	9,2		128,420	12,783	
22.04.2014	03:32:00	0,007	0,000	0,000	9,2		132,862	12,783	
22.04.2014	03:34:00	0,007	0,000	0,000	9,2		125,001	12,783	
22.04.2014	03:36:00	0,007	0,000	0,000	9,2		133,465	12,783	
22.04.2014	03:38:00	0,007	0,000	0,000	9,2		130,583	12,783	
22.04.2014	03:40:00	0,007	0,000	0,000	9,2		129,109	12,783	
22.04.2014	03:42:00	0,007	0,000	0,000	9,2		131,277	12,783	
22.04.2014	03:44:00	0,007	0,000	0,000	9,2		132,477	12,784	
22.04.2014	03:46:00	0,007	0,000	0,000	9,2		133,315	12,782	
22.04.2014	03:48:00	0,007	0,000	0,000	9,2		131,554	12,782	
22.04.2014	03:50:00	0,007	0,000	0,000	9,2		132,599	12,783	
22.04.2014	03:52:00	0,007	0,000	0,000	9,2		132,998	12,782	
22.04.2014	03:54:00	0,007	0,000	0,000	9,2		128,366	12,782	
22.04.2014	03:56:00	0,007	0,000	0,000	9,2		132,583	12,782	
22.04.2014	03:58:00	0,007	0,000	0,000	9,2		133,220	12,782	
22.04.2014	04:00:00	0,007	0,000	0,000	9,2		130,083	12,782	
22.04.2014	04:02:00	0,007	0,000	0,000	9,2		132,113	12,782	
22.04.2014	04:04:00	0,007	0,000	0,000	9,2		127,481	12,782	
22.04.2014	04:06:00	0,007	0,000	0,000	9,2		130,710	12,782	
22.04.2014	04:08:00	0,007	0,000	0,000	9,2		131,964	12,782	
22.04.2014	04:10:00	0,007	0,000	0,000	9,2		130,941	12,782	
22.04.2014	04:12:00	0,007	0,000	0,000	9,2		132,319	12,782	
22.04.2014	04:14:00	0,007	0,000	0,000	9,2		130,214	12,782	
22.04.2014	04:16:00	0,007	0,000	0,000	9,2		133,774	12,781	
22.04.2014	04:18:00	0,007	0,000	0,000	9,2		127,386	12,783	
22.04.2014	04:20:00	0,007	0,000	0,000	9,2		130,542	12,781	
22.04.2014	04:22:00	0,007	0,000	0,000	9,2		121,650	12,782	
22.04.2014	04:24:00	0,007	0,000	0,000	9,2		131,429	12,781	
22.04.2014	04:26:00	0,007	0,000	0,000	9,2		127,815	12,781	
22.04.2014	04:28:00	0,007	0,000	0,000	9,2		130,257	12,782	
22.04.2014	04:30:00	0,007	0,000	0,000	9,2		130,651	12,781	
22.04.2014	04:32:00	0,007	0,000	0,000	9,2		130,311	12,781	
22.04.2014	04:34:00	0,007	0,000	0,000	9,2		132,851	12,781	
22.04.2014	04:36:00	0,007	0,000	0,000	9,2		127,462	12,781	
22.04.2014	04:38:00	0,007	0,000	0,000	9,2		127,606	12,781	
22.04.2014	04:40:00	0,007	0,000	0,000	9,2		133,413	12,781	
22.04.2014	04:42:00	0,007	0,000	0,000	9,2		120,749	12,781	
22.04.2014	04:44:00	0,007	0,000	0,000	9,2		131,676	12,781	
22.04.2014	04:46:00	0,007	0,000	0,000	9,2		114,142	12,782	
22.04.2014	04:48:00	0,007	0,000	0,000	9,2		130,689	12,781	
22.04.2014	04:50:00	0,007	0,000	0,000	9,2		130,328	12,781	
22.04.2014	04:52:00	0,007	0,000	0,000	9,2		130,670	12,780	
22.04.2014	04:54:00	0,007	0,000	0,000	9,2		133,144	12,780	
22.04.2014	04:56:00	0,007	0,000	0,000	9,2		130,542	12,780	
22.04.2014	04:58:00	0,007	0,000	0,000	9,2		130,458	12,780	
22.04.2014	05:00:00	0,007	0,000	0,000	9,2		130,604	12,780	
22.04.2014	05:02:00	0,007	0,000	0,000	9,2		132,740	12,780	
22.04.2014	05:04:00	0,007	0,000	0,000	9,2		128,008	12,780	
22.04.2014	05:06:00	0,007	0,000	0,000	9,2		133,459	12,780	
22.04.2014	05:08:00	0,007	0,000	0,000	9,2		130,493	12,780	
22.04.2014	05:10:00	0,007	0,000	0,000	9,2		128,200	12,780	
22.04.2014	05:12:00	0,007	0,000	0,000	9,2		133,285	12,780	
22.04.2014	05:14:00	0,007	0,000	0,000	9,2		133,747	12,781	
22.04.2014	05:16:00	0,007	0,000	0,000	9,2		130,558	12,780	
22.04.2014	05:18:00	0,007	0,000	0,000	9,2		133,101	12,780	
22.04.2014	05:20:00	0,007	0,000	0,000	9,2		131,085	12,779	
22.04.2014	05:22:00	0,007	0,000	0,000	9,2		128,282	12,779	
22.04.2014	05:24:00	0,007	0,000	0,000	9,2		133,815	12,780	
22.04.2014	05:26:00	0,007	0,000	0,000	9,2		130,691	12,779	
22.04.2014	05:28:00	0,007	0,000	0,000	9,2		130,556	12,780	
22.04.2014	05:30:00	0,007	0,000	0,000	9,2		131,191	12,779	
22.04.2014	05:32:00	0,007	0,000	0,000	9,2		121,384	12,780	
22.04.2014	05:34:00	0,007	0,000	0,000	9,2		132,897	12,779	
22.04.2014	05:36:00	0,007	0,000	0,000	9,2		133,603	12,779	
22.04.2014	05:38:00	0,007	0,000	0,000	9,2		131,478	12,779	
22.04.2014	05:40:00	0,007	0,000	0,000	9,2		128,352	12,779	
22.04.2014	05:42:00	0,007	0,000	0,000	9,2		133,787	12,779	
22.04.2014	05:44:00	0,007	0,000	0,000	9,2		132,575	12,780	
22.04.2014	05:46:00	0,007	0,000	0,000	9,2		130,963	12,779	
22.04.2014	05:48:00	0,007	0,000	0,000	9,2		133,047	12,779	
22.04.2014	05:50:00	0,007	0,000	0,000	9,2		133,177	12,779	
22.04.2014	05:52:00	0,007	0,000	0,000	9,2		121,897	12,779	
22.04.2014	05:54:00	0,007	0,000	0,000	9,2		128,127	12,779	
22.04.2014	05:56:00	0,007	0,000	0,000	9,2		130,311	12,778	
22.04.2014	05:58:00	0,007	0,000	0,000	9,2		122,043	12,779	
22.04.2014	06:00:00	0,007	0,000	0,000	9,2		128,070	12,779	
22.04.2014	06:02:00	0,007	0,000	0,000	9,2		130,211	12,778	
22.04.2014	06:04:00	0,007	0,000	0,000	9,2		130,556	12,778	
22.04.2014	06:06:00	0,007	0,000	0,000	9,2		130,368	12,778	
22.04.2014	06:08:00	0,007	0,000	0,000	9,2		130,914	12,778	
22.04.2014	06:10:00	0,007	0,000	0,000	9,2		133,196	12,778	
22.04.2014	06:12:00	0,007	0,000	0,000	9,2		125,180	12,778	
22.04.2014	06:14:00	0,007	0,000	0,000	9,2		133,215	12,778	
22.04.2014	06:16:00	0,006	0,000	0,000	9,2		130,621	12,778	
22.04.2014	06:18:00	0,006	0,000	0,000	9,2		132,783	12,778	
22.04.2014	06:20:00	0,006	0,000	0,000	9,2		130,425	12,778	
22.04.2014	06:22:00	0,007	0,000	0,000	9,2		128,320	12,778	
22.04.2014	06:24:00	0,007	0,000	0,000	9,2		128,491	12,778	
22.04.2014	06:26:00	0,007	0,000	0,000	9,2		133,017	12,778	
22.04.2014	06:28:00	0,007	0,000	0,000	9,2		130,898	12,777	
22.04.2014	06:30:00	0,007	0,000	0,000	9,2		121,587	12,777	
22.04.2014	06:32:00	0,007	0,000	0,000	9,2		125,118	12,778	
22.04.2014	06:34:00	0,007	0,000	0,000	9,2		121,066	12,777	
22.04.2014	06:36:00	0,007	0,000	0,000	9,2		131,155	12,777	
22.04.2014	06:38:00	0,007	0,000	0,000	9,2		121,948	12,778	
22.04.2014	06:40:00	0,007	0,000	0,000	9,2		130,225	12,777	
22.04.2014	06:42:00	0,007	0,000	0,000	9,2		128,388	12,777	
22.04.2014	06:44:00	0,007	0,000	0,000	9,2		130,917	12,777	
22.04.2014	06:46:00	0,007	0,000	0,000	9,2		131,139	12,777	
22.04.2014	06:48:00	0,007	0,000	0,000	9,2		127,384	12,777	
22.04.2014	06:50:00	0,007	0,000	0,000	9,2		131,169	12,777	
22.04.2014	06:52:00	0,007	0,000	0,000	9,2		130,558	12,777	
22.04.2014	06:54:00	0,007	0,000	0,000	9,2		131,104	12,777	
22.04.2014	06:56:00	0,007	0,000	0,000	9,2		130,577	12,777	
22.04.2014	06:58:00	0,007	0,000	0,000	9,2		130,808	12,777	
22.04.2014	07:00:00	0,007	0,000	0,000	9,2		132,512	12,777	
22.04.2014	07:02:00	0,007	0,000	0,000	9,2		130,119	12,776	
22.04.2014	07:04:00	0,007	0,000	0,000	9,2		130,976	12,777	
22.04.2014	07:06:00	0,007	0,000	0,000	9,2		130,645	12,776	
22.04.2014	07:08:00	0,007	0,000	0,000	9,2		122,117	12,776	
22.04.2014	07:10:00	0,007	0,000	0,000	9,2		127,470	12,776	
22.04.2014	07:12:00	0,007	0,000	0,000	9,2		128,100	12,776	
22.04.2014	07:14:00	0,007	0,000	0,000	9,2		130,756	12,776	
22.04.2014	07:16:00	0,007	0,000	0,000	9,2		131,294	12,775	
22.04.2014	07:18:00	0,007	0,000	0,000	9,2		133,858	12,776	
22.04.2014	07:20:00	0,007	0,000	0,000	9,2		125,139	12,776	
22.04.2014	07:22:00	0,007	0,000	0,000	9,2		131,845	12,775	
22.04.2014	07:24:00	0,007	0,000	0,000	9,2		130,773	12,775	
22.04.2014	07:26:00	0,007	0,000	0,000	9,2		133,839	12,776	
22.04.2014	07:28:00	0,007	0,000	0,000	9,2		128,048	12,776	
22.04.2014	07:30:00	0,007	0,000	0,000	9,2		134,034	12,776	
22.04.2014	07:32:00	0,007	0,000	0,000	9,2		125,243	12,775	
22.04.2014	07:34:00	0,007	0,000	0,000	9,2		125,126	12,776	
22.04.2014	07:36:00	0,007	0,000	0,000	9,2		117,675	12,776	
22.04.2014	07:38:00	0,007	0,000	0,000	9,2		126,382	12,775	
22.04.2014	07:40:00	0,007	0,000	0,000	9,2		131,041	12,775	
22.04.2014	07:42:00	0,007	0,000	0,000	9,2		121,992	12,775	
22.04.2014	07:44:00	0,007	0,000	0,000	9,2		132,963	12,776	
22.04.2014	07:46:00	0,007	0,000	0,000	9,2		130,385	12,775	
22.04.2014	07:48:00	0,007	0,000	0,000	9,2		130,849	12,775	
22.04.2014	07:50:00	0,007	0,000	0,000	9,2		133,185	12,775	
22.04.2014	07:52:00	0,007	0,000	0,000	9,2		130,710	12,775	
22.04.2014	07:54:00	0,007	0,000	0,000	9,2		122,095	12,774	
22.04.2014	07:56:00	0,007	0,000	0,000	9,2		130,965	12,775	
22.04.2014	07:58:00	0,007	0,000	0,000	9,2		130,510	12,775	
22.04.2014	08:00:00	0,007	0,000	0,000	9,2		131,169	12,774	
22.04.2014	08:02:00	0,007	0,000	0,000	9,2		128,309	12,774	
22.04.2014	08:04:00	0,007	0,000	0,000	9,2		131,093	12,775	
22.04.2014	08:06:00	0,007	0,000	0,000	9,2		134,056	12,774	
22.04.2014	08:08:00	0,007	0,000	0,000	9,2		133,058	12,774	
22.04.2014	08:10:00	0,007	0,000	0,000	9,2		131,291	12,774	
22.04.2014	08:12:00	0,007	0,000	0,000	9,2		128,379	12,775	
22.04.2014	08:14:00	0,007	0,000	0,000	9,2		125,142	12,775	
22.04.2014	08:16:00	0,007	0,000	0,000	9,2		127,796	12,774	
22.04.2014	08:18:00	0,007	0,000	0,000	9,2		125,017	12,774	
22.04.2014	08:20:00	0,007	0,000	0,000	9,2		127,812	12,774	
22.04.2014	08:22:00	0,007	0,000	0,000	9,2		133,030	12,774	
22.04.2014	08:24:00	0,007	0,000	0,000	9,2		130,548	12,773	
22.04.2014	08:26:00	0,007	0,000	0,000	9,2		133,920	12,774	
22.04.2014	08:28:00	0,007	0,000	0,000	9,2		133,147	12,774	
22.04.2014	08:30:00	0,007	0,000	0,000	9,2		133,763	12,774	
22.04.2014	08:32:00	0,007	0,000	0,000	9,2		128,626	12,773	
22.04.2014	08:34:00	0,007	0,000	0,000	9,2		128,010	12,773	
22.04.2014	08:36:00	0,007	0,000	0,000	9,2		123,452	12,774	
22.04.2014	08:38:00	0,007	0,000	0,000	9,2		130,670	12,774	
22.04.2014	08:40:00	0,007	0,000	0,000	9,2		114,014	12,774	
22.04.2014	08:42:00	0,007	0,000	0,000	9,2		131,432	12,773	
22.04.2014	08:44:00	0,007	0,000	0,000	9,2		128,306	12,773	
22.04.2014	08:46:00	0,007	0,000	0,000	9,2		130,311	12,774	
22.04.2014	08:48:00	0,007	0,000	0,000	9,2		131,793	12,773	
22.04.2014	08:50:00	0,007	0,000	0,000	9,2		133,199	12,774	
22.04.2014	08:52:00	0,007	0,000	0,000	9,2		133,245	12,773	
22.04.2014	08:54:00	0,007	0,000	0,000	9,2		132,048	12,773	
22.04.2014	08:56:00	0,007	0,000	0,000	9,2		130,233	12,773	
22.04.2014	08:58:00	0,007	0,000	0,000	9,2		127,853	12,773	
22.04.2014	09:00:00	0,007	0,000	0,000	9,2		131,139	12,772	
22.04.2014	09:02:00	0,007	0,000	0,000	9,2		130,705	12,772	
22.04.2014	09:04:00	0,007	0,000	0,000	9,2		130,485	12,773	
22.04.2014	09:06:00	0,007	0,000	0,000	9,2		131,359	12,772	
22.04.2014	09:08:00	0,007	0,000	0,000	9,2		133,858	12,772	
22.04.2014	09:10:00	0,007	0,000	0,000	9,2		131,028	12,772	
22.04.2014	09:12:00	0,007	0,000	0,000	9,2		128,363	12,773	
22.04.2014	09:14:00	0,007	0,000	0,000	9,2		128,393	12,773	
22.04.2014	09:16:00	0,007	0,000	0,000	9,2		128,200	12,772	
22.04.2014	09:18:00	0,007	0,000	0,000	9,2		133,834	12,772	
22.04.2014	09:20:00	0,007	0,000	0,000	9,2		134,148	12,772	
22.04.2014	09:22:00	0,007	0,000	0,000	9,2		128,724	12,772	
22.04.2014	09:24:00	0,007	0,000	0,000	9,2		133,671	12,772	
22.04.2014	09:26:00	0,007	0,000	0,000	9,2		128,260	12,772	
22.04.2014	09:28:00	0,007	0,000	0,000	9,2		128,379	12,772	
22.04.2014	09:30:00	0,007	0,000	0,000	9,2		128,157	12,772	
22.04.2014	09:32:00	0,007	0,000	0,000	9,2		133,823	12,771	
22.04.2014	09:34:00	0,007	0,000	0,000	9,2		128,122	12,772	
22.04.2014	09:36:00	0,007	0,000	0,000	9,2		130,577	12,771	
22.04.2014	09:38:00	0,007	0,000	0,000	9,2		130,835	12,772	
22.04.2014	09:40:00	0,007	0,000	0,000	9,2		130,702	12,771	
22.04.2014	09:42:00	0,007	0,000	0,000	9,2		128,336	12,771	
22.04.2014	09:44:00	0,007	0,000	0,000	9,2		130,596	12,771	
22.04.2014	09:46:00	0,007	0,000	0,000	9,2		131,527	12,771	
22.04.2014	09:48:00	0,007	0,000	0,000	9,2		132,895	12,771	
22.04.2014	09:50:00	0,007	0,000	0,000	9,2		130,851	12,771	
22.04.2014	09:52:00	0,007	0,000	0,000	9,2		132,284	12,771	
22.04.2014	09:54:00	0,007	0,000	0,000	9,2		130,431	12,770	
22.04.2014	09:56:00	0,007	0,000	0,000	9,2		133,999	12,771	
22.04.2014	09:58:00	0,007	0,000	0,000	9,2		130,594	12,771	
22.04.2014	10:00:00	0,007	0,000	0,000	9,2		127,905	12,771	
22.04.2014	10:02:00	0,007	0,000	0,000	9,2		133,047	12,771	
22.04.2014	10:04:00	0,007	0,000	0,000	9,2		130,786	12,770	
22.04.2014	10:06:00	0,007	0,000	0,000	9,2		133,391	12,770	
22.04.2014	10:08:00	0,007	0,000	0,000	9,2		128,466	12,770	
22.04.2014	10:10:00	0,007	0,000	0,000	9,2		132,707	12,771	
22.04.2014	10:12:00	0,007	0,000	0,000	9,2		127,991	12,770	
22.04.2014	10:14:00	0,007	0,000	0,000	9,2		130,881	12,770	
22.04.2014	10:16:00	0,007	0,000	0,000	9,2		131,419	12,771	
22.04.2014	10:18:00	0,007	0,000	0,000	9,2		130,453	12,770	
22.04.2014	10:20:00	0,007	0,000	0,000	9,2		131,324	12,770	
22.04.2014	10:22:00	0,007	0,000	0,000	9,2		133,359	12,770	
22.04.2014	10:24:00	0,007	0,000	0,000	9,2		130,751	12,770	
22.04.2014	10:26:00	0,006	0,000	0,000	9,2		130,949	12,770	
22.04.2014	10:28:00	0,006	0,000	0,000	9,2		133,505	12,771	
22.04.2014	10:30:00	0,006	0,000	0,000	9,2		132,680	12,770	
22.04.2014	10:32:00	0,006	0,000	0,000	9,2		133,668	12,770	
22.04.2014	10:34:00	0,006	0,000	0,000	9,2		133,006	12,770	
22.04.2014	10:36:00	0,006	0,000	0,000	9,2		130,857	12,770	
22.04.2014	10:38:00	0,007	0,000	0,000	9,2		120,896	12,770	
22.04.2014	10:40:00	0,007	0,000	0,000	9,2		132,802	12,770	
22.04.2014	10:42:00	0,007	0,000	0,000	9,2		131,071	12,769	
22.04.2014	10:44:00	0,007	0,000	0,000	9,2		128,344	12,769	
22.04.2014	10:46:00	0,007	0,000	0,000	9,2		133,929	12,769	
22.04.2014	10:48:00	0,007	0,000	0,000	9,2		130,385	12,769	
22.04.2014	10:50:00	0,007	0,000	0,000	9,2		130,686	12,769	
22.04.2014	10:52:00	0,007	0,000	0,000	9,2		122,195	12,769	
22.04.2014	10:54:00	0,007	0,000	0,000	9,2		130,683	12,769	
22.04.2014	10:56:00	0,007	0,000	0,000	9,2		130,588	12,770	
22.04.2014	10:58:00	0,007	0,000	0,000	9,2		130,751	12,769	
22.04.2014	11:00:00	0,007	0,000	0,000	9,2		130,718	12,769	
22.04.2014	11:02:00	0,007	0,000	0,000	9,2		128,108	12,769	
22.04.2014	11:04:00	0,007	0,000	0,000	9,2		130,634	12,769	
22.04.2014	11:06:00	0,007	0,000	0,000	9,2		122,990	12,769	
22.04.2014	11:08:00	0,007	0,000	0,000	9,2		130,529	12,769	
22.04.2014	11:10:00	0,007	0,000	0,000	9,2		133,001	12,768	
22.04.2014	11:12:00	0,007	0,000	0,000	9,2		133,755	12,769	
22.04.2014	11:14:00	0,007	0,000	0,000	9,2		130,545	12,769	
22.04.2014	11:16:00	0,006	0,000	0,000	9,2		130,664	12,768	
22.04.2014	11:18:00	0,006	0,000	0,000	9,2		127,791	12,768	
22.04.2014	11:20:00	0,006	0,000	0,000	9,2		130,594	12,768	
22.04.2014	11:22:00	0,007	0,000	0,000	9,2		132,762	12,768	
22.04.2014	11:24:00	0,007	0,000	0,000	9,2		128,170	12,768	
22.04.2014	11:26:00	0,007	0,000	0,000	9,2		128,089	12,768	
22.04.2014	11:28:00	0,007	0,000	0,000	9,2		131,193	12,768	
22.04.2014	11:30:00	0,007	0,000	0,000	9,2		130,808	12,768	
22.04.2014	11:32:00	0,007	0,000	0,000	9,2		130,808	12,768	
22.04.2014	11:34:00	0,007	0,000	0,000	9,2		127,644	12,768	
22.04.2014	11:36:00	0,007	0,000	0,000	9,2		122,293	12,768	
22.04.2014	11:38:00	0,007	0,000	0,000	9,2		130,368	12,768	
22.04.2014	11:40:00	0,007	0,000	0,000	9,2		133,975	12,768	
22.04.2014	11:42:00	0,007	0,000	0,000	9,2		128,249	12,768	
22.04.2014	11:44:00	0,007	0,000	0,000	9,2		131,155	12,767	
22.04.2014	11:46:00	0,007	0,000	0,000	9,2		132,982	12,767	
22.04.2014	11:48:00	0,007	0,000	0,000	9,2		131,674	12,767	
22.04.2014	11:50:00	0,007	0,000	0,000	9,2		127,668	12,767	
22.04.2014	11:52:00	0,007	0,000	0,000	9,2		122,974	12,768	
22.04.2014	11:54:00	0,006	0,000	0,000	9,2		130,534	12,767	
22.04.2014	11:56:00	0,006	0,000	0,000	9,2		131,158	12,768	
22.04.2014	11:58:00	0,006	0,000	0,000	9,2		133,055	12,767	
22.04.2014	12:00:00	0,006	0,000	0,000	9,2		131,777	12,768	
22.04.2014	12:02:00	0,006	0,000	0,000	9,2		129,039	12,767	
22.04.2014	12:04:00	0,006	0,000	0,000	9,2		125,088	12,768	
22.04.2014	12:06:00	0,006	0,000	0,000	9,2		127,986	12,767	
22.04.2014	12:08:00	0,007	0,000	0,000	9,2		130,621	12,767	
22.04.2014	12:10:00	0,007	0,000	0,000	9,2		130,827	12,767	
22.04.2014	12:12:00	0,007	0,000	0,000	9,2		130,651	12,767	
22.04.2014	12:14:00	0,007	0,000	0,000	9,2		130,629	12,767	
22.04.2014	12:16:00	0,007	0,000	0,000	9,2		131,554	12,767	
22.04.2014	12:18:00	0,007	0,000	0,000	9,2		125,194	12,767	
22.04.2014	12:20:00	0,007	0,000	0,000	9,2		130,623	12,766	
22.04.2014	12:22:00	0,007	0,000	0,000	9,2		134,034	12,767	
22.04.2014	12:24:00	0,007	0,000	0,000	9,2		131,470	12,766	
22.04.2014	12:26:00	0,007	0,000	0,000	9,2		130,754	12,766	
22.04.2014	12:28:00	0,007	0,000	0,000	9,2		132,678	12,766	
22.04.2014	12:30:00	0,007	0,000	0,000	9,2		130,680	12,766	
22.04.2014	12:32:00	0,006	0,000	0,000	9,2		130,794	12,766	
22.04.2014	12:34:00	0,006	0,000	0,000	9,2		128,339	12,766	
22.04.2014	12:36:00	0,006	0,000	0,000	9,2		133,579	12,766	
22.04.2014	12:38:00	0,006	0,000	0,000	9,2		130,585	12,766	
22.04.2014	12:40:00	0,006	0,000	0,000	9,2		127,701	12,766	
22.04.2014	12:42:00	0,006	0,000	0,000	9,2		130,702	12,766	
22.04.2014	12:44:00	0,007	0,000	0,000	9,2		130,575	12,766	
22.04.2014	12:46:00	0,007	0,000	0,000	9,2		131,082	12,766	
22.04.2014	12:48:00	0,007	0,000	0,000	9,2		131,497	12,765	
22.04.2014	12:50:00	0,007	0,000	0,000	9,2		131,180	12,765	
22.04.2014	12:52:00	0,007	0,000	0,000	9,2		130,577	12,765	
22.04.2014	12:54:00	0,007	0,000	0,000	9,2		130,751	12,765	
22.04.2014	12:56:00	0,007	0,000	0,000	9,2		128,035	12,766	
22.04.2014	12:58:00	0,007	0,000	0,000	9,2		130,491	12,765	
22.04.2014	13:00:00	0,007	0,000	0,000	9,2		133,171	12,765	
22.04.2014	13:02:00	0,007	0,000	0,000	9,2		130,420	12,765	
22.04.2014	13:04:00	0,007	0,000	0,000	9,2		133,654	12,765	
22.04.2014	13:06:00	0,007	0,000	0,000	9,2		133,915	12,765	
22.04.2014	13:08:00	0,007	0,000	0,000	9,2		130,444	12,765	
22.04.2014	13:10:00	0,007	0,000	0,000	9,2		130,472	12,766	
22.04.2014	13:12:00	0,007	0,000	0,000	9,2		130,889	12,765	
22.04.2014	13:14:00	0,007	0,000	0,000	9,2		131,177	12,765	
22.04.2014	13:16:00	0,007	0,000	0,000	9,2		131,372	12,765	
22.04.2014	13:18:00	0,007	0,000	0,000	9,2		130,982	12,765	
22.04.2014	13:20:00	0,007	0,000	0,000	9,2		131,302	12,765	
22.04.2014	13:22:00	0,007	0,000	0,000	9,2		127,826	12,765	
22.04.2014	13:24:00	0,007	0,000	0,000	9,2		130,623	12,764	
22.04.2014	13:26:00	0,007	0,000	0,000	9,2		125,262	12,765	
22.04.2014	13:28:00	0,007	0,000	0,000	9,2		122,076	12,764	
22.04.2014	13:30:00	0,007	0,000	0,000	9,2		132,960	12,765	
22.04.2014	13:32:00	0,007	0,000	0,000	9,2		128,179	12,764	
22.04.2014	13:34:00	0,007	0,000	0,000	9,2		131,573	12,764	
22.04.2014	13:36:00	0,007	0,000	0,000	9,2		131,050	12,765	
22.04.2014	13:38:00	0,007	0,000	0,000	9,2		131,036	12,764	
22.04.2014	13:40:00	0,007	0,000	0,000	9,2		133,948	12,764	
22.04.2014	13:42:00	0,007	0,000	0,000	9,2		130,740	12,764	
22.04.2014	13:44:00	0,007	0,000	0,000	9,2		127,812	12,764	
22.04.2014	13:46:00	0,007	0,000	0,000	9,2		128,521	12,764	
22.04.2014	13:48:00	0,007	0,000	0,000	9,2		133,161	12,764	
22.04.2014	13:50:00	0,007	0,000	0,000	9,2		121,503	12,764	
22.04.2014	13:52:00	0,006	0,000	0,000	9,2		128,122	12,764	
22.04.2014	13:54:00	0,006	0,000	0,000	9,2		133,169	12,763	
22.04.2014	13:56:00	0,006	0,000	0,000	9,2		127,704	12,764	
22.04.2014	13:58:00	0,006	0,000	0,000	9,2		128,013	12,763	
22.04.2014	14:00:00	0,006	0,000	0,000	9,2		130,767	12,764	
22.04.2014	14:02:00	0,007	0,000	0,000	9,2		130,716	12,764	
22.04.2014	14:04:00	0,007	0,000	0,000	9,2		133,725	12,764	
22.04.2014	14:06:00	0,007	0,000	0,000	9,2		131,196	12,763	
22.04.2014	14:08:00	0,007	0,000	0,000	9,2		128,575	12,763	
22.04.2014	14:10:00	0,007	0,000	0,000	9,2		128,198	12,763	
22.04.2014	14:12:00	0,007	0,000	0,000	9,2		130,401	12,764	
22.04.2014	14:14:00	0,007	0,000	0,000	9,2		128,488	12,763	
22.04.2014	14:16:00	0,007	0,000	0,000	9,2		130,702	12,763	
22.04.2014	14:18:00	0,007	0,000	0,000	9,2		131,918	12,763	
22.04.2014	14:20:00	0,007	0,000	0,000	9,2		133,725	12,763	
22.04.2014	14:22:00	0,007	0,000	0,000	9,2		128,401	12,763	
22.04.2014	14:24:00	0,007	0,000	0,000	9,2		131,131	12,763	
22.04.2014	14:26:00	0,007	0,000	0,000	9,2		125,183	12,763	
22.04.2014	14:28:00	0,007	0,000	0,000	9,2		130,735	12,763	
22.04.2014	14:30:00	0,007	0,000	0,000	9,2		130,455	12,763	
22.04.2014	14:32:00	0,006	0,000	0,000	9,2		133,885	12,762	
22.04.2014	14:34:00	0,006	0,000	0,000	9,2		130,862	12,762	
22.04.2014	14:36:00	0,006	0,000	0,000	9,2		137,049	12,763	
22.04.2014	14:38:00	0,006	0,000	0,000	9,2		132,113	12,762	
22.04.2014	14:40:00	0,006	0,000	0,000	9,2		131,280	12,762	
22.04.2014	14:42:00	0,006	0,000	0,000	9,2		130,664	12,762	
22.04.2014	14:44:00	0,006	0,000	0,000	9,2		130,870	12,762	
22.04.2014	14:46:00	0,006	0,000	0,000	9,2		131,321	12,762	
22.04.2014	14:48:00	0,006	0,000	0,000	9,2		130,879	12,762	
22.04.2014	14:50:00	0,006	0,000	0,000	9,2		130,507	12,762	
22.04.2014	14:52:00	0,006	0,000	0,000	9,2		131,427	12,762	
22.04.2014	14:54:00	0,006	0,000	0,000	9,2		132,694	12,761	
22.04.2014	14:56:00	0,006	0,000	0,000	9,2		121,864	12,761	
22.04.2014	14:58:00	0,006	0,000	0,000	9,2		125,278	12,762	
22.04.2014	15:00:00	0,006	0,000	0,000	9,2		128,545	12,761	
22.04.2014	15:02:00	0,006	0,000	0,000	9,2		133,427	12,761	
22.04.2014	15:04:00	0,007	0,000	0,000	9,2		130,648	12,761	
22.04.2014	15:06:00	0,007	0,000	0,000	9,2		130,765	12,761	
22.04.2014	15:08:00	0,007	0,000	0,000	9,2		131,522	12,761	
22.04.2014	15:10:00	0,007	0,000	0,000	9,2		131,777	12,761	
22.04.2014	15:12:00	0,007	0,000	0,000	9,2		130,691	12,761	
22.04.2014	15:14:00	0,006	0,000	0,000	9,2		130,843	12,760	
22.04.2014	15:16:00	0,006	0,000	0,000	9,2		128,282	12,761	
22.04.2014	15:18:00	0,006	0,000	0,000	9,2		133,087	12,761	
22.04.2014	15:20:00	0,006	0,000	0,000	9,2		131,397	12,760	
22.04.2014	15:22:00	0,006	0,000	0,000	9,2		133,272	12,760	
22.04.2014	15:24:00	0,006	0,000	0,000	9,2		133,671	12,760	
22.04.2014	15:26:00	0,006	0,000	0,000	9,2		131,296	12,760	
22.04.2014	15:28:00	0,006	0,000	0,000	9,2		130,860	12,760	
22.04.2014	15:30:00	0,006	0,000	0,000	9,2		125,196	12,761	
22.04.2014	15:32:00	0,006	0,000	0,000	9,2		130,670	12,760	
22.04.2014	15:34:00	0,006	0,000	0,000	9,2		131,215	12,760	
22.04.2014	15:36:00	0,006	0,000	0,000	9,2		131,101	12,760	
22.04.2014	15:38:00	0,006	0,000	0,000	9,2		132,737	12,761	
22.04.2014	15:40:00	0,006	0,000	0,000	9,2		133,150	12,760	
22.04.2014	15:42:00	0,006	0,000	0,000	9,2		134,181	12,760	
22.04.2014	15:44:00	0,006	0,000	0,000	9,2		131,174	12,760	
22.04.2014	15:46:00	0,006	0,000	0,000	9,2		133,758	12,760	
22.04.2014	15:48:00	0,006	0,000	0,000	9,2		128,564	12,760	
22.04.2014	15:50:00	0,006	0,000	0,000	9,2		127,801	12,760	
22.04.2014	15:52:00	0,006	0,000	0,000	9,2		121,891	12,760	
22.04.2014	15:54:00	0,006	0,000	0,000	9,2		133,299	12,760	
22.04.2014	15:56:00	0,006	0,000	0,000	9,2		128,369	12,760	
22.04.2014	15:58:00	0,006	0,000	0,000	9,2		130,645	12,759	
22.04.2014	16:00:00	0,006	0,000	0,000	9,2		131,459	12,759	
22.04.2014	16:02:00	0,006	0,000	0,000	9,2		127,799	12,759	
22.04.2014	16:04:00	0,006	0,000	0,000	9,2		130,596	12,759	
22.04.2014	16:06:00	0,006	0,000	0,000	9,2		131,834	12,760	
22.04.2014	16:08:00	0,006	0,000	0,000	9,2		131,402	12,759	
22.04.2014	16:10:00	0,006	0,000	0,000	9,2		128,483	12,760	
22.04.2014	16:12:00	0,006	0,000	0,000	9,2		130,987	12,759	
22.04.2014	16:14:00	0,006	0,000	0,000	9,2		130,453	12,759	
22.04.2014	16:16:00	0,006	0,000	0,000	9,2		132,157	12,759	
22.04.2014	16:18:00	0,006	0,000	0,000	9,2		131,117	12,759	
22.04.2014	16:20:00	0,006	0,000	0,000	9,2		130,553	12,759	
22.04.2014	16:22:00	0,006	0,000	0,000	9,2		130,727	12,759	
22.04.2014	16:24:00	0,006	0,000	0,000	9,2		133,600	12,758	
22.04.2014	16:26:00	0,006	0,000	0,000	9,2		132,914	12,758	
22.04.2014	16:28:00	0,007	0,000	0,000	9,2		130,227	12,759	
22.04.2014	16:30:00	0,007	0,000	0,000	9,2		129,104	12,758	
22.04.2014	16:32:00	0,007	0,000	0,000	9,2		131,340	12,758	
22.04.2014	16:34:00	0,007	0,000	0,000	9,2		134,325	12,758	
22.04.2014	16:36:00	0,007	0,000	0,000	9,2		130,032	12,758	
22.04.2014	16:38:00	0,006	0,000	0,000	9,2		128,000	12,758	
22.04.2014	16:40:00	0,006	0,000	0,000	9,2		134,276	12,759	
22.04.2014	16:42:00	0,006	0,000	0,000	9,2		131,155	12,758	
22.04.2014	16:44:00	0,006	0,000	0,000	9,2		130,808	12,758	
22.04.2014	16:46:00	0,006	0,000	0,000	9,2		131,044	12,758	
22.04.2014	16:48:00	0,006	0,000	0,000	9,2		132,075	12,759	
22.04.2014	16:50:00	0,006	0,000	0,000	9,2		130,157	12,758	
22.04.2014	16:52:00	0,007	0,000	0,000	9,2		130,341	12,757	
22.04.2014	16:54:00	0,007	0,000	0,000	9,2		131,359	12,758	
22.04.2014	16:56:00	0,007	0,000	0,000	9,2		131,215	12,758	
22.04.2014	16:58:00	0,007	0,000	0,000	9,2		130,558	12,757	
22.04.2014	17:00:00	0,007	0,000	0,000	9,2		130,751	12,757	
22.04.2014	17:02:00	0,007	0,000	0,000	9,2		122,089	12,757	
22.04.2014	17:04:00	0,007	0,000	0,000	9,2		130,868	12,758	
22.04.2014	17:06:00	0,007	0,000	0,000	9,2		133,030	12,757	
22.04.2014	17:08:00	0,006	0,000	0,000	9,2		131,134	12,757	
22.04.2014	17:10:00	0,006	0,000	0,000	9,2		127,766	12,757	
22.04.2014	17:12:00	0,006	0,000	0,000	9,2		131,315	12,757	
22.04.2014	17:14:00	0,006	0,000	0,000	9,2		130,773	12,757	
22.04.2014	17:16:00	0,006	0,000	0,000	9,2		133,115	12,757	
22.04.2014	17:18:00	0,006	0,000	0,000	9,2		137,242	12,758	
22.04.2014	17:20:00	0,006	0,000	0,000	9,2		131,470	12,756	
22.04.2014	17:22:00	0,007	0,000	0,000	9,2		92,383	12,774	
22.04.2014	17:24:00	0,013	0,000	0,000	9,2		94,939	12,778	
22.04.2014	17:26:00	0,024	0,000	0,000	9,2		96,580	12,782	
22.04.2014	17:28:00	0,026	0,000	0,000	9,2		92,656	12,784	
22.04.2014	17:30:00	0,033	0,000	0,000	9,3		91,410	12,785	
22.04.2014	17:32:00	0,053	0,089	1,426	9,4		109,625	12,787	
22.04.2014	17:34:00	0,056	0,094	1,728	9,4		93,877	12,785	
22.04.2014	17:36:00	0,062	0,100	2,060	9,5		114,876	12,787	
22.04.2014	17:38:00	0,063	0,100	2,060	9,8		110,809	12,788	
22.04.2014	17:40:00	0,063	0,099	1,991	10,1		119,467	12,789	
22.04.2014	17:42:00	0,059	0,093	1,665	10,1		109,588	12,789	
22.04.2014	17:44:00	0,054	0,090	1,484	10,3		106,332	12,788	
22.04.2014	17:46:00	0,053	0,088	1,369	10,5		114,998	12,789	
22.04.2014	17:48:00	0,050	0,000	0,000	10,5		110,533	12,790	
22.04.2014	17:50:00	0,044	0,000	0,000	10,6		92,513	12,788	
22.04.2014	17:52:00	0,043	0,000	0,000	10,6		115,144	12,790	
22.04.2014	17:54:00	0,041	0,000	0,000	10,7		110,223	12,790	
22.04.2014	17:56:00	0,040	0,000	0,000	10,7		91,296	12,790	
22.04.2014	17:58:00	0,040	0,000	0,000	10,7		110,109	12,791	
22.04.2014	18:00:00	0,039	0,000	0,000	10,7		72,195	12,791	
22.04.2014	18:02:00	0,039	0,000	0,000	10,7		115,116	12,791	
22.04.2014	18:04:00	0,039	0,000	0,000	10,6		109,515	12,791	
22.04.2014	18:06:00	0,038	0,000	0,000	10,5		93,901	12,791	
22.04.2014	18:08:00	0,036	0,000	0,000	10,5		114,180	12,791	
22.04.2014	18:10:00	0,036	0,000	0,000	10,4		109,613	12,792	
22.04.2014	18:12:00	0,034	0,000	0,000	10,3		95,432	12,791	
22.04.2014	18:14:00	0,032	0,000	0,000	10,0		110,337	12,791	
22.04.2014	18:16:00	0,032	0,000	0,000	10,0		92,212	12,790	
22.04.2014	18:18:00	0,032	0,000	0,000	10,0		117,733	12,790	
22.04.2014	18:20:00	0,032	0,000	0,000	10,0		107,150	12,790	
22.04.2014	18:22:00	0,032	0,000	0,000	9,9		90,377	12,791	
22.04.2014	18:24:00	0,032	0,000	0,000	9,7		86,730	12,791	
22.04.2014	18:26:00	0,033	0,000	0,000	9,7		115,323	12,791	
22.04.2014	18:28:00	0,032	0,000	0,000	9,7		108,782	12,791	
22.04.2014	18:30:00	0,032	0,000	0,000	9,7		114,452	12,790	
22.04.2014	18:32:00	0,031	0,000	0,000	9,6		112,568	12,791	
22.04.2014	18:34:00	0,031	0,000	0,000	9,5		118,413	12,792	
22.04.2014	18:36:00	0,029	0,000	0,000	9,5		114,407	12,790	
22.04.2014	18:38:00	0,027	0,000	0,000	9,5		111,461	12,790	
22.04.2014	18:40:00	0,027	0,000	0,000	9,5		114,701	12,791	
22.04.2014	18:42:00	0,027	0,000	0,000	9,4		109,324	12,792	
22.04.2014	18:44:00	0,026	0,000	0,000	9,4		92,208	12,790	
22.04.2014	18:46:00	0,024	0,000	0,000	9,4		129,869	12,790	
22.04.2014	18:48:00	0,024	0,000	0,000	9,4		109,657	12,791	
22.04.2014	18:50:00	0,024	0,000	0,000	9,4		93,006	12,792	
22.04.2014	18:52:00	0,024	0,000	0,000	9,4		111,050	12,791	
22.04.2014	18:54:00	0,023	0,000	0,000	9,4		116,398	12,789	
22.04.2014	18:56:00	0,023	0,000	0,000	9,3		112,283	12,790	
22.04.2014	18:58:00	0,023	0,000	0,000	9,3		113,451	12,792	
22.04.2014	19:00:00	0,023	0,000	0,000	9,3		109,356	12,792	
22.04.2014	19:02:00	0,023	0,000	0,000	9,3		113,789	12,791	
22.04.2014	19:04:00	0,023	0,000	0,000	9,3		109,141	12,791	
22.04.2014	19:06:00	0,022	0,000	0,000	9,3		113,870	12,790	
22.04.2014	19:08:00	0,022	0,000	0,000	9,3		97,235	12,791	
22.04.2014	19:10:00	0,022	0,000	0,000	9,3		111,884	12,790	
22.04.2014	19:12:00	0,022	0,000	0,000	9,3		114,432	12,791	
22.04.2014	19:14:00	0,021	0,000	0,000	9,2		111,884	12,791	
22.04.2014	19:16:00	0,021	0,000	0,000	9,2		104,985	12,792	
22.04.2014	19:18:00	0,021	0,000	0,000	9,2		111,518	12,789	
22.04.2014	19:20:00	0,021	0,000	0,000	9,2		99,103	12,793	
22.04.2014	19:22:00	0,021	0,000	0,000	9,2		102,250	12,790	
22.04.2014	19:24:00	0,020	0,000	0,000	9,2		93,783	12,792	
22.04.2014	19:26:00	0,020	0,000	0,000	9,2		115,620	12,791	
22.04.2014	19:28:00	0,020	0,000	0,000	9,2		110,887	12,790	
22.04.2014	19:30:00	0,020	0,000	0,000	9,2		104,509	12,791	
22.04.2014	19:32:00	0,020	0,000	0,000	9,2		112,873	12,790	
22.04.2014	19:34:00	0,019	0,000	0,000	9,2		113,182	12,790	
22.04.2014	19:36:00	0,019	0,000	0,000	9,2		112,079	12,789	
22.04.2014	19:38:00	0,019	0,000	0,000	9,2		107,967	12,788	
22.04.2014	19:40:00	0,019	0,000	0,000	9,2		112,934	12,792	
22.04.2014	19:42:00	0,018	0,000	0,000	9,2		104,969	12,789	
22.04.2014	19:44:00	0,018	0,000	0,000	9,2		108,811	12,791	
22.04.2014	19:46:00	0,018	0,000	0,000	9,1		93,173	12,791	
22.04.2014	19:48:00	0,018	0,000	0,000	9,1		93,067	12,792	
22.04.2014	19:50:00	0,018	0,000	0,000	9,1		96,608	12,791	
22.04.2014	19:52:00	0,018	0,000	0,000	9,1		112,971	12,790	
22.04.2014	19:54:00	0,017	0,000	0,000	9,1		122,841	12,783	
22.04.2014	19:56:00	0,017	0,000	0,000	9,1		133,440	12,785	
22.04.2014	19:58:00	0,017	0,000	0,000	9,1		138,402	12,786	
22.04.2014	20:00:00	0,017	0,000	0,000	9,1		113,447	12,777	
22.04.2014	20:02:00	0,017	0,000	0,000	9,1		131,039	12,779	
22.04.2014	20:04:00	0,017	0,000	0,000	9,1		80,624	12,783	
22.04.2014	20:06:00	0,017	0,000	0,000	9,1		133,109	12,768	
22.04.2014	20:08:00	0,017	0,000	0,000	9,1		124,412	12,765	
22.04.2014	20:10:00	0,016	0,000	0,000	9,1		130,982	12,776	
22.04.2014	20:12:00	0,016	0,000	0,000	9,1		119,731	12,768	
22.04.2014	20:14:00	0,016	0,000	0,000	9,1		131,842	12,764	
22.04.2014	20:16:00	0,016	0,000	0,000	9,1		116,402	12,763	
22.04.2014	20:18:00	0,016	0,000	0,000	9,1		130,398	12,762	
22.04.2014	20:20:00	0,016	0,000	0,000	9,1		130,930	12,761	
22.04.2014	20:22:00	0,016	0,000	0,000	9,1		131,782	12,760	
22.04.2014	20:24:00	0,016	0,000	0,000	9,1		129,752	12,759	
22.04.2014	20:26:00	0,016	0,000	0,000	9,1		130,800	12,759	
22.04.2014	20:28:00	0,016	0,000	0,000	9,1		119,284	12,760	
22.04.2014	20:30:00	0,016	0,000	0,000	9,1		117,384	12,759	
22.04.2014	20:32:00	0,015	0,000	0,000	9,1		133,950	12,758	
22.04.2014	20:34:00	0,015	0,000	0,000	9,1		117,978	12,758	
22.04.2014	20:36:00	0,015	0,000	0,000	9,1		117,376	12,758	
22.04.2014	20:38:00	0,015	0,000	0,000	9,1		130,534	12,757	
22.04.2014	20:40:00	0,015	0,000	0,000	9,1		130,781	12,757	
22.04.2014	20:42:00	0,015	0,000	0,000	9,1		130,423	12,756	
22.04.2014	20:44:00	0,015	0,000	0,000	9,1		130,672	12,756	
22.04.2014	20:46:00	0,014	0,000	0,000	9,1		129,215	12,755	
22.04.2014	20:48:00	0,014	0,000	0,000	9,1		125,329	12,755	
22.04.2014	20:50:00	0,014	0,000	0,000	9,2		129,042	12,755	
22.04.2014	20:52:00	0,014	0,000	0,000	9,2		133,728	12,755	
22.04.2014	20:54:00	0,014	0,000	0,000	9,2		131,079	12,754	
22.04.2014	20:56:00	0,014	0,000	0,000	9,2		134,300	12,754	
22.04.2014	20:58:00	0,014	0,000	0,000	9,2		130,960	12,754	
22.04.2014	21:00:00	0,013	0,000	0,000	9,2		125,430	12,754	
22.04.2014	21:02:00	0,013	0,000	0,000	9,2		131,665	12,754	
22.04.2014	21:04:00	0,013	0,000	0,000	9,2		131,400	12,754	
22.04.2014	21:06:00	0,013	0,000	0,000	9,2		134,162	12,754	
22.04.2014	21:08:00	0,013	0,000	0,000	9,2		133,929	12,754	
22.04.2014	21:10:00	0,013	0,000	0,000	9,2		132,770	12,753	
22.04.2014	21:12:00	0,013	0,000	0,000	9,2		134,246	12,754	
22.04.2014	21:14:00	0,012	0,000	0,000	9,2		130,841	12,753	
22.04.2014	21:16:00	0,012	0,000	0,000	9,2		130,870	12,753	
22.04.2014	21:18:00	0,012	0,000	0,000	9,2		130,748	12,753	
22.04.2014	21:20:00	0,013	0,000	0,000	9,2		130,987	12,752	
22.04.2014	21:22:00	0,013	0,000	0,000	9,2		134,013	12,753	
22.04.2014	21:24:00	0,013	0,000	0,000	9,2		122,887	12,753	
22.04.2014	21:26:00	0,013	0,000	0,000	9,2		125,696	12,752	
22.04.2014	21:28:00	0,013	0,000	0,000	9,2		133,874	12,752	
22.04.2014	21:30:00	0,013	0,000	0,000	9,2		133,579	12,752	
22.04.2014	21:32:00	0,012	0,000	0,000	9,2		133,546	12,752	
22.04.2014	21:34:00	0,012	0,000	0,000	9,2		130,748	12,752	
22.04.2014	21:36:00	0,012	0,000	0,000	9,2		130,889	12,752	
22.04.2014	21:38:00	0,012	0,000	0,000	9,2		133,337	12,752	
22.04.2014	21:40:00	0,012	0,000	0,000	9,2		130,898	12,752	
22.04.2014	21:42:00	0,012	0,000	0,000	9,2		125,392	12,752	
22.04.2014	21:44:00	0,012	0,000	0,000	9,2		133,242	12,752	
22.04.2014	21:46:00	0,012	0,000	0,000	9,2		132,952	12,751	
22.04.2014	21:48:00	0,012	0,000	0,000	9,2		133,163	12,752	
22.04.2014	21:50:00	0,012	0,000	0,000	9,2		130,653	12,751	
22.04.2014	21:52:00	0,012	0,000	0,000	9,2		128,306	12,751	
22.04.2014	21:54:00	0,012	0,000	0,000	9,2		133,220	12,752	
22.04.2014	21:56:00	0,012	0,000	0,000	9,2		130,067	12,751	
22.04.2014	21:58:00	0,012	0,000	0,000	9,2		128,051	12,751	
22.04.2014	22:00:00	0,012	0,000	0,000	9,2		125,378	12,751	
22.04.2014	22:02:00	0,012	0,000	0,000	9,2		125,519	12,751	
22.04.2014	22:04:00	0,012	0,000	0,000	9,2		135,215	12,750	
22.04.2014	22:06:00	0,012	0,000	0,000	9,2		118,046	12,752	
22.04.2014	22:08:00	0,011	0,000	0,000	9,2		130,860	12,750	
22.04.2014	22:10:00	0,011	0,000	0,000	9,2		133,861	12,750	
22.04.2014	22:12:00	0,011	0,000	0,000	9,2		130,599	12,750	
22.04.2014	22:14:00	0,011	0,000	0,000	9,2		131,031	12,750	
22.04.2014	22:16:00	0,010	0,000	0,000	9,2		130,819	12,750	
22.04.2014	22:18:00	0,010	0,000	0,000	9,2		130,640	12,750	
22.04.2014	22:20:00	0,010	0,000	0,000	9,2		130,857	12,750	
22.04.2014	22:22:00	0,011	0,000	0,000	9,2		129,218	12,750	
22.04.2014	22:24:00	0,011	0,000	0,000	9,2		131,313	12,750	
22.04.2014	22:26:00	0,011	0,000	0,000	9,2		121,905	12,750	
22.04.2014	22:28:00	0,011	0,000	0,000	9,2		129,028	12,750	
22.04.2014	22:30:00	0,011	0,000	0,000	9,2		133,636	12,750	
22.04.2014	22:32:00	0,011	0,000	0,000	9,2		131,481	12,750	
22.04.2014	22:34:00	0,011	0,000	0,000	9,2		131,003	12,750	
22.04.2014	22:36:00	0,011	0,000	0,000	9,2		133,926	12,750	
22.04.2014	22:38:00	0,011	0,000	0,000	9,2		130,604	12,750	
22.04.2014	22:40:00	0,011	0,000	0,000	9,2		130,520	12,749	
22.04.2014	22:42:00	0,011	0,000	0,000	9,2		122,971	12,749	
22.04.2014	22:44:00	0,011	0,000	0,000	9,2		133,486	12,750	
22.04.2014	22:46:00	0,011	0,000	0,000	9,2		131,606	12,749	
22.04.2014	22:48:00	0,011	0,000	0,000	9,2		130,499	12,749	
22.04.2014	22:50:00	0,010	0,000	0,000	9,2		122,955	12,749	
22.04.2014	22:52:00	0,010	0,000	0,000	9,2		128,515	12,749	
22.04.2014	22:54:00	0,010	0,000	0,000	9,2		129,077	12,749	
22.04.2014	22:56:00	0,010	0,000	0,000	9,2		134,048	12,749	
22.04.2014	22:58:00	0,010	0,000	0,000	9,2		128,504	12,749	
22.04.2014	23:00:00	0,010	0,000	0,000	9,2		128,626	12,749	
22.04.2014	23:02:00	0,010	0,000	0,000	9,2		134,479	12,749	
22.04.2014	23:04:00	0,010	0,000	0,000	9,2		125,495	12,749	
22.04.2014	23:06:00	0,010	0,000	0,000	9,2		128,377	12,749	
22.04.2014	23:08:00	0,010	0,000	0,000	9,2		130,759	12,748	
22.04.2014	23:10:00	0,010	0,000	0,000	9,2		133,340	12,748	
22.04.2014	23:12:00	0,010	0,000	0,000	9,2		125,395	12,748	
22.04.2014	23:14:00	0,010	0,000	0,000	9,2		121,921	12,748	
22.04.2014	23:16:00	0,010	0,000	0,000	9,2		128,507	12,748	
22.04.2014	23:18:00	0,010	0,000	0,000	9,2		133,543	12,748	
22.04.2014	23:20:00	0,010	0,000	0,000	9,2		133,304	12,748	
22.04.2014	23:22:00	0,010	0,000	0,000	9,2		128,683	12,748	
22.04.2014	23:24:00	0,010	0,000	0,000	9,2		128,374	12,748	
22.04.2014	23:26:00	0,010	0,000	0,000	9,2		131,288	12,747	
22.04.2014	23:28:00	0,010	0,000	0,000	9,2		130,526	12,748	
22.04.2014	23:30:00	0,010	0,000	0,000	9,2		132,656	12,748	
22.04.2014	23:32:00	0,010	0,000	0,000	9,2		131,280	12,747	
22.04.2014	23:34:00	0,010	0,000	0,000	9,2		131,329	12,747	
22.04.2014	23:36:00	0,010	0,000	0,000	9,2		130,287	12,748	
22.04.2014	23:38:00	0,010	0,000	0,000	9,2		122,288	12,747	
22.04.2014	23:40:00	0,010	0,000	0,000	9,2		133,020	12,748	
22.04.2014	23:42:00	0,010	0,000	0,000	9,2		128,564	12,748	
22.04.2014	23:44:00	0,010	0,000	0,000	9,2		130,908	12,747	
22.04.2014	23:46:00	0,010	0,000	0,000	9,2		133,245	12,747	
22.04.2014	23:48:00	0,010	0,000	0,000	9,2		133,581	12,747	
22.04.2014	23:50:00	0,010	0,000	0,000	9,2		134,268	12,747	
22.04.2014	23:52:00	0,010	0,000	0,000	9,2		131,128	12,747	
22.04.2014	23:54:00	0,010	0,000	0,000	9,2		131,020	12,747	
22.04.2014	23:56:00	0,010	0,000	0,000	9,2		130,727	12,747	
22.04.2014	23:58:00	0,010	0,000	0,000	9,2		131,261	12,747	
23.04.2014	00:00:00	0,010	0,000	0,000	9,2		128,569	12,746	
23.04.2014	00:02:00	0,010	0,000	0,000	9,2		134,021	12,746	
23.04.2014	00:04:00	0,010	0,000	0,000	9,2		127,397	12,746	
23.04.2014	00:06:00	0,010	0,000	0,000	9,2		133,603	12,747	
23.04.2014	00:08:00	0,009	0,000	0,000	9,2		131,937	12,746	
23.04.2014	00:10:00	0,009	0,000	0,000	9,2		131,617	12,746	
23.04.2014	00:12:00	0,009	0,000	0,000	9,2		134,129	12,746	
23.04.2014	00:14:00	0,009	0,000	0,000	9,2		133,220	12,746	
23.04.2014	00:16:00	0,009	0,000	0,000	9,2		128,290	12,746	
23.04.2014	00:18:00	0,009	0,000	0,000	9,2		122,244	12,746	
23.04.2014	00:20:00	0,009	0,000	0,000	9,2		130,960	12,746	
23.04.2014	00:22:00	0,009	0,000	0,000	9,2		131,009	12,746	
23.04.2014	00:24:00	0,009	0,000	0,000	9,2		128,227	12,746	
23.04.2014	00:26:00	0,009	0,000	0,000	9,2		133,896	12,746	
23.04.2014	00:28:00	0,009	0,000	0,000	9,2		134,479	12,746	
23.04.2014	00:30:00	0,009	0,000	0,000	9,2		127,544	12,746	
23.04.2014	00:32:00	0,009	0,000	0,000	9,2		121,889	12,746	
23.04.2014	00:34:00	0,009	0,000	0,000	9,2		134,954	12,746	
23.04.2014	00:36:00	0,009	0,000	0,000	9,2		130,594	12,746	
23.04.2014	00:38:00	0,009	0,000	0,000	9,2		124,380	12,746	
23.04.2014	00:40:00	0,009	0,000	0,000	9,3		125,546	12,746	
23.04.2014	00:42:00	0,009	0,000	0,000	9,3		129,088	12,745	
23.04.2014	00:44:00	0,009	0,000	0,000	9,3		130,553	12,745	
23.04.2014	00:46:00	0,009	0,000	0,000	9,3		130,610	12,745	
23.04.2014	00:48:00	0,009	0,000	0,000	9,3		129,600	12,745	
23.04.2014	00:50:00	0,009	0,000	0,000	9,3		130,917	12,745	
23.04.2014	00:52:00	0,008	0,000	0,000	9,3		130,398	12,745	
23.04.2014	00:54:00	0,008	0,000	0,000	9,3		125,669	12,746	
23.04.2014	00:56:00	0,008	0,000	0,000	9,3		133,855	12,744	
23.04.2014	00:58:00	0,008	0,000	0,000	9,3		134,154	12,745	
23.04.2014	01:00:00	0,008	0,000	0,000	9,3		130,936	12,745	
23.04.2014	01:02:00	0,009	0,000	0,000	9,3		131,364	12,744	
23.04.2014	01:04:00	0,009	0,000	0,000	9,3		133,817	12,745	
23.04.2014	01:06:00	0,009	0,000	0,000	9,3		131,294	12,745	
23.04.2014	01:08:00	0,009	0,000	0,000	9,3		130,936	12,744	
23.04.2014	01:10:00	0,009	0,000	0,000	9,3		131,470	12,744	
23.04.2014	01:12:00	0,009	0,000	0,000	9,3		131,142	12,744	
23.04.2014	01:14:00	0,009	0,000	0,000	9,3		133,437	12,744	
23.04.2014	01:16:00	0,009	0,000	0,000	9,3		125,709	12,745	
23.04.2014	01:18:00	0,009	0,000	0,000	9,3		130,501	12,744	
23.04.2014	01:20:00	0,008	0,000	0,000	9,3		128,268	12,744	
23.04.2014	01:22:00	0,008	0,000	0,000	9,3		132,024	12,744	
23.04.2014	01:24:00	0,008	0,000	0,000	9,3		128,195	12,744	
23.04.2014	01:26:00	0,008	0,000	0,000	9,3		130,987	12,743	
23.04.2014	01:28:00	0,008	0,000	0,000	9,3		128,569	12,744	
23.04.2014	01:30:00	0,008	0,000	0,000	9,3		134,550	12,744	
23.04.2014	01:32:00	0,008	0,000	0,000	9,3		115,059	12,744	
23.04.2014	01:34:00	0,008	0,000	0,000	9,3		130,794	12,743	
23.04.2014	01:36:00	0,008	0,000	0,000	9,3		134,827	12,744	
23.04.2014	01:38:00	0,008	0,000	0,000	9,3		128,792	12,743	
23.04.2014	01:40:00	0,008	0,000	0,000	9,3		128,670	12,743	
23.04.2014	01:42:00	0,008	0,000	0,000	9,3		131,915	12,743	
23.04.2014	01:44:00	0,008	0,000	0,000	9,3		130,781	12,743	
23.04.2014	01:46:00	0,008	0,000	0,000	9,3		127,951	12,743	
23.04.2014	01:48:00	0,008	0,000	0,000	9,3		132,276	12,743	
23.04.2014	01:50:00	0,008	0,000	0,000	9,3		128,594	12,743	
23.04.2014	01:52:00	0,008	0,000	0,000	9,3		128,046	12,743	
23.04.2014	01:54:00	0,008	0,000	0,000	9,3		130,955	12,743	
23.04.2014	01:56:00	0,008	0,000	0,000	9,3		130,860	12,742	
23.04.2014	01:58:00	0,008	0,000	0,000	9,3		133,503	12,742	
23.04.2014	02:00:00	0,008	0,000	0,000	9,3		130,944	12,742	
23.04.2014	02:02:00	0,008	0,000	0,000	9,3		128,477	12,742	
23.04.2014	02:04:00	0,008	0,000	0,000	9,3		127,538	12,743	
23.04.2014	02:06:00	0,008	0,000	0,000	9,3		128,537	12,742	
23.04.2014	02:08:00	0,008	0,000	0,000	9,3		130,822	12,742	
23.04.2014	02:10:00	0,008	0,000	0,000	9,3		130,659	12,743	
23.04.2014	02:12:00	0,008	0,000	0,000	9,3		128,613	12,742	
23.04.2014	02:14:00	0,008	0,000	0,000	9,3		130,968	12,742	
23.04.2014	02:16:00	0,008	0,000	0,000	9,3		130,862	12,742	
23.04.2014	02:18:00	0,008	0,000	0,000	9,3		132,732	12,742	
23.04.2014	02:20:00	0,008	0,000	0,000	9,3		129,378	12,742	
23.04.2014	02:22:00	0,008	0,000	0,000	9,3		131,486	12,742	
23.04.2014	02:24:00	0,008	0,000	0,000	9,3		134,211	12,742	
23.04.2014	02:26:00	0,008	0,000	0,000	9,3		130,548	12,742	
23.04.2014	02:28:00	0,008	0,000	0,000	9,3		133,475	12,742	
23.04.2014	02:30:00	0,008	0,000	0,000	9,3		133,611	12,742	
23.04.2014	02:32:00	0,008	0,000	0,000	9,3		131,139	12,742	
23.04.2014	02:34:00	0,008	0,000	0,000	9,3		134,276	12,742	
23.04.2014	02:36:00	0,008	0,000	0,000	9,3		128,488	12,741	
23.04.2014	02:38:00	0,008	0,000	0,000	9,3		130,702	12,742	
23.04.2014	02:40:00	0,008	0,000	0,000	9,3		130,957	12,741	
23.04.2014	02:42:00	0,008	0,000	0,000	9,3		130,765	12,742	
23.04.2014	02:44:00	0,008	0,000	0,000	9,3		128,594	12,741	
23.04.2014	02:46:00	0,008	0,000	0,000	9,3		130,982	12,741	
23.04.2014	02:48:00	0,008	0,000	0,000	9,3		133,494	12,742	
23.04.2014	02:50:00	0,008	0,000	0,000	9,3		130,683	12,741	
23.04.2014	02:52:00	0,008	0,000	0,000	9,3		131,722	12,741	
23.04.2014	02:54:00	0,008	0,000	0,000	9,3		131,560	12,741	
23.04.2014	02:56:00	0,008	0,000	0,000	9,3		131,337	12,741	
23.04.2014	02:58:00	0,008	0,000	0,000	9,3		131,142	12,741	
23.04.2014	03:00:00	0,008	0,000	0,000	9,3		128,664	12,741	
23.04.2014	03:02:00	0,008	0,000	0,000	9,3		128,607	12,741	
23.04.2014	03:04:00	0,008	0,000	0,000	9,3		128,550	12,740	
23.04.2014	03:06:00	0,008	0,000	0,000	9,3		128,634	12,741	
23.04.2014	03:08:00	0,008	0,000	0,000	9,3		131,169	12,741	
23.04.2014	03:10:00	0,008	0,000	0,000	9,3		130,862	12,741	
23.04.2014	03:12:00	0,008	0,000	0,000	9,3		130,881	12,741	
23.04.2014	03:14:00	0,008	0,000	0,000	9,3		128,914	12,740	
23.04.2014	03:16:00	0,008	0,000	0,000	9,3		130,860	12,740	
23.04.2014	03:18:00	0,008	0,000	0,000	9,3		131,003	12,740	
23.04.2014	03:20:00	0,008	0,000	0,000	9,3		131,074	12,741	
23.04.2014	03:22:00	0,008	0,000	0,000	9,3		131,587	12,740	
23.04.2014	03:24:00	0,008	0,000	0,000	9,3		133,977	12,740	
23.04.2014	03:26:00	0,008	0,000	0,000	9,3		130,510	12,740	
23.04.2014	03:28:00	0,008	0,000	0,000	9,3		128,515	12,740	
23.04.2014	03:30:00	0,008	0,000	0,000	9,3		128,841	12,740	
23.04.2014	03:32:00	0,008	0,000	0,000	9,3		134,135	12,740	
23.04.2014	03:34:00	0,008	0,000	0,000	9,3		128,754	12,740	
23.04.2014	03:36:00	0,008	0,000	0,000	9,3		132,992	12,740	
23.04.2014	03:38:00	0,008	0,000	0,000	9,3		130,813	12,740	
23.04.2014	03:40:00	0,008	0,000	0,000	9,3		134,021	12,739	
23.04.2014	03:42:00	0,008	0,000	0,000	9,3		134,281	12,740	
23.04.2014	03:44:00	0,008	0,000	0,000	9,3		131,478	12,739	
23.04.2014	03:46:00	0,008	0,000	0,000	9,3		130,933	12,739	
23.04.2014	03:48:00	0,008	0,000	0,000	9,3		130,553	12,739	
23.04.2014	03:50:00	0,008	0,000	0,000	9,3		133,234	12,739	
23.04.2014	03:52:00	0,008	0,000	0,000	9,3		128,534	12,739	
23.04.2014	03:54:00	0,008	0,000	0,000	9,3		128,550	12,739	
23.04.2014	03:56:00	0,008	0,000	0,000	9,3		134,081	12,739	
23.04.2014	03:58:00	0,008	0,000	0,000	9,3		130,816	12,739	
23.04.2014	04:00:00	0,008	0,000	0,000	9,3		129,972	12,739	
23.04.2014	04:02:00	0,008	0,000	0,000	9,3		127,913	12,738	
23.04.2014	04:04:00	0,008	0,000	0,000	9,3		128,580	12,739	
23.04.2014	04:06:00	0,008	0,000	0,000	9,3		130,860	12,739	
23.04.2014	04:08:00	0,008	0,000	0,000	9,3		133,500	12,738	
23.04.2014	04:10:00	0,008	0,000	0,000	9,3		125,587	12,739	
23.04.2014	04:12:00	0,008	0,000	0,000	9,3		130,974	12,738	
23.04.2014	04:14:00	0,008	0,000	0,000	9,3		131,223	12,738	
23.04.2014	04:16:00	0,008	0,000	0,000	9,3		131,047	12,738	
23.04.2014	04:18:00	0,008	0,000	0,000	9,3		129,131	12,738	
23.04.2014	04:20:00	0,007	0,000	0,000	9,3		132,968	12,739	
23.04.2014	04:22:00	0,007	0,000	0,000	9,3		131,264	12,738	
23.04.2014	04:24:00	0,007	0,000	0,000	9,3		132,846	12,739	
23.04.2014	04:26:00	0,007	0,000	0,000	9,3		134,043	12,738	
23.04.2014	04:28:00	0,007	0,000	0,000	9,3		127,888	12,738	
23.04.2014	04:30:00	0,007	0,000	0,000	9,3		134,129	12,738	
23.04.2014	04:32:00	0,007	0,000	0,000	9,3		132,952	12,739	
23.04.2014	04:34:00	0,007	0,000	0,000	9,3		133,299	12,738	
23.04.2014	04:36:00	0,007	0,000	0,000	9,3		128,610	12,738	
23.04.2014	04:38:00	0,007	0,000	0,000	9,3		131,427	12,738	
23.04.2014	04:40:00	0,007	0,000	0,000	9,3		134,336	12,738	
23.04.2014	04:42:00	0,007	0,000	0,000	9,3		125,926	12,738	
23.04.2014	04:44:00	0,007	0,000	0,000	9,3		128,461	12,737	
23.04.2014	04:46:00	0,007	0,000	0,000	9,3		128,496	12,738	
23.04.2014	04:48:00	0,007	0,000	0,000	9,3		130,683	12,737	
23.04.2014	04:50:00	0,007	0,000	0,000	9,3		131,134	12,737	
23.04.2014	04:52:00	0,007	0,000	0,000	9,3		134,344	12,737	
23.04.2014	04:54:00	0,007	0,000	0,000	9,3		128,355	12,737	
23.04.2014	04:56:00	0,007	0,000	0,000	9,3		130,718	12,738	
23.04.2014	04:58:00	0,007	0,000	0,000	9,3		131,478	12,737	
23.04.2014	05:00:00	0,007	0,000	0,000	9,3		130,488	12,737	
23.04.2014	05:02:00	0,007	0,000	0,000	9,3		131,641	12,737	
23.04.2014	05:04:00	0,007	0,000	0,000	9,3		131,020	12,737	
23.04.2014	05:06:00	0,007	0,000	0,000	9,3		131,511	12,737	
23.04.2014	05:08:00	0,007	0,000	0,000	9,3		131,448	12,737	
23.04.2014	05:10:00	0,007	0,000	0,000	9,3		131,619	12,737	
23.04.2014	05:12:00	0,007	0,000	0,000	9,3		131,552	12,737	
23.04.2014	05:14:00	0,007	0,000	0,000	9,3		131,163	12,737	
23.04.2014	05:16:00	0,007	0,000	0,000	9,3		125,603	12,737	
23.04.2014	05:18:00	0,007	0,000	0,000	9,3		134,100	12,736	
23.04.2014	05:20:00	0,007	0,000	0,000	9,3		131,169	12,737	
23.04.2014	05:22:00	0,007	0,000	0,000	9,3		131,077	12,736	
23.04.2014	05:24:00	0,008	0,000	0,000	9,3		131,644	12,736	
23.04.2014	05:26:00	0,008	0,000	0,000	9,3		128,594	12,736	
23.04.2014	05:28:00	0,008	0,000	0,000	9,3		131,372	12,736	
23.04.2014	05:30:00	0,008	0,000	0,000	9,3		131,088	12,736	
23.04.2014	05:32:00	0,008	0,000	0,000	9,3		133,055	12,737	
23.04.2014	05:34:00	0,008	0,000	0,000	9,3		128,694	12,736	
23.04.2014	05:36:00	0,008	0,000	0,000	9,3		131,210	12,736	
23.04.2014	05:38:00	0,008	0,000	0,000	9,3		131,275	12,736	
23.04.2014	05:40:00	0,008	0,000	0,000	9,3		131,055	12,736	
23.04.2014	05:42:00	0,008	0,000	0,000	9,3		130,512	12,736	
23.04.2014	05:44:00	0,007	0,000	0,000	9,3		130,680	12,736	
23.04.2014	05:46:00	0,007	0,000	0,000	9,3		133,872	12,736	
23.04.2014	05:48:00	0,007	0,000	0,000	9,3		131,017	12,735	
23.04.2014	05:50:00	0,007	0,000	0,000	9,3		128,868	12,735	
23.04.2014	05:52:00	0,007	0,000	0,000	9,3		128,070	12,735	
23.04.2014	05:54:00	0,007	0,000	0,000	9,3		131,386	12,735	
23.04.2014	05:56:00	0,007	0,000	0,000	9,3		133,158	12,736	
23.04.2014	05:58:00	0,007	0,000	0,000	9,3		131,088	12,735	
23.04.2014	06:00:00	0,007	0,000	0,000	9,3		131,421	12,735	
23.04.2014	06:02:00	0,007	0,000	0,000	9,3		127,462	12,736	
23.04.2014	06:04:00	0,007	0,000	0,000	9,3		130,979	12,736	
23.04.2014	06:06:00	0,007	0,000	0,000	9,3		130,922	12,735	
23.04.2014	06:08:00	0,006	0,000	0,000	9,3		132,018	12,735	
23.04.2014	06:10:00	0,006	0,000	0,000	9,3		122,353	12,735	
23.04.2014	06:12:00	0,006	0,000	0,000	9,3		125,669	12,735	
23.04.2014	06:14:00	0,007	0,000	0,000	9,3		122,203	12,735	
23.04.2014	06:16:00	0,007	0,000	0,000	9,3		131,649	12,734	
23.04.2014	06:18:00	0,007	0,000	0,000	9,3		130,813	12,735	
23.04.2014	06:20:00	0,007	0,000	0,000	9,3		130,960	12,734	
23.04.2014	06:22:00	0,007	0,000	0,000	9,3		133,446	12,734	
23.04.2014	06:24:00	0,007	0,000	0,000	9,3		128,488	12,734	
23.04.2014	06:26:00	0,007	0,000	0,000	9,3		134,279	12,735	
23.04.2014	06:28:00	0,007	0,000	0,000	9,3		130,699	12,734	
23.04.2014	06:30:00	0,007	0,000	0,000	9,3		136,699	12,735	
23.04.2014	06:32:00	0,007	0,000	0,000	9,3		131,245	12,734	
23.04.2014	06:34:00	0,007	0,000	0,000	9,3		130,870	12,734	
23.04.2014	06:36:00	0,007	0,000	0,000	9,3		132,675	12,734	
23.04.2014	06:38:00	0,007	0,000	0,000	9,3		131,470	12,734	
23.04.2014	06:40:00	0,007	0,000	0,000	9,3		131,579	12,734	
23.04.2014	06:42:00	0,007	0,000	0,000	9,3		131,345	12,734	
23.04.2014	06:44:00	0,007	0,000	0,000	9,3		130,919	12,734	
23.04.2014	06:46:00	0,007	0,000	0,000	9,3		131,096	12,733	
23.04.2014	06:48:00	0,007	0,000	0,000	9,3		131,413	12,733	
23.04.2014	06:50:00	0,007	0,000	0,000	9,3		128,928	12,733	
23.04.2014	06:52:00	0,007	0,000	0,000	9,3		128,569	12,733	
23.04.2014	06:54:00	0,007	0,000	0,000	9,3		128,846	12,733	
23.04.2014	06:56:00	0,007	0,000	0,000	9,3		133,956	12,733	
23.04.2014	06:58:00	0,007	0,000	0,000	9,3		133,261	12,733	
23.04.2014	07:00:00	0,007	0,000	0,000	9,3		128,005	12,733	
23.04.2014	07:02:00	0,007	0,000	0,000	9,3		134,010	12,733	
23.04.2014	07:04:00	0,007	0,000	0,000	9,3		133,253	12,733	
23.04.2014	07:06:00	0,007	0,000	0,000	9,3		131,253	12,733	
23.04.2014	07:08:00	0,007	0,000	0,000	9,3		133,429	12,733	
23.04.2014	07:10:00	0,007	0,000	0,000	9,3		131,326	12,732	
23.04.2014	07:12:00	0,007	0,000	0,000	9,3		127,888	12,733	
23.04.2014	07:14:00	0,007	0,000	0,000	9,3		131,136	12,733	
23.04.2014	07:16:00	0,007	0,000	0,000	9,3		131,126	12,733	
23.04.2014	07:18:00	0,007	0,000	0,000	9,3		129,994	12,733	
23.04.2014	07:20:00	0,007	0,000	0,000	9,3		115,205	12,733	
23.04.2014	07:22:00	0,007	0,000	0,000	9,3		131,571	12,732	
23.04.2014	07:24:00	0,007	0,000	0,000	9,3		134,748	12,733	
23.04.2014	07:26:00	0,007	0,000	0,000	9,3		131,003	12,732	
23.04.2014	07:28:00	0,007	0,000	0,000	9,3		128,925	12,732	
23.04.2014	07:30:00	0,007	0,000	0,000	9,3		131,356	12,732	
23.04.2014	07:32:00	0,007	0,000	0,000	9,3		128,784	12,732	
23.04.2014	07:34:00	0,007	0,000	0,000	9,3		131,014	12,732	
23.04.2014	07:36:00	0,007	0,000	0,000	9,3		130,816	12,732	
23.04.2014	07:38:00	0,006	0,000	0,000	9,3		131,679	12,732	
23.04.2014	07:40:00	0,006	0,000	0,000	9,3		133,106	12,732	
23.04.2014	07:42:00	0,006	0,000	0,000	9,3		133,296	12,732	
23.04.2014	07:44:00	0,007	0,000	0,000	9,3		131,489	12,731	
23.04.2014	07:46:00	0,007	0,000	0,000	9,3		134,118	12,732	
23.04.2014	07:48:00	0,007	0,000	0,000	9,3		133,500	12,732	
23.04.2014	07:50:00	0,007	0,000	0,000	9,3		131,739	12,732	
23.04.2014	07:52:00	0,007	0,000	0,000	9,3		134,211	12,731	
23.04.2014	07:54:00	0,007	0,000	0,000	9,3		130,830	12,731	
23.04.2014	07:56:00	0,007	0,000	0,000	9,3		128,835	12,731	
23.04.2014	07:58:00	0,007	0,000	0,000	9,3		131,641	12,731	
23.04.2014	08:00:00	0,007	0,000	0,000	9,3		130,713	12,731	
23.04.2014	08:02:00	0,007	0,000	0,000	9,3		130,917	12,731	
23.04.2014	08:04:00	0,007	0,000	0,000	9,3		134,295	12,731	
23.04.2014	08:06:00	0,007	0,000	0,000	9,3		136,973	12,731	
23.04.2014	08:08:00	0,007	0,000	0,000	9,3		135,653	12,691	
23.04.2014	08:10:00	0,006	0,000	0,000	9,3		137,810	12,664	
23.04.2014	08:12:00	0,006	0,000	0,000	9,3		142,568	12,653	
23.04.2014	08:14:00	0,006	#-1	#-1	#-1		138,038	12,649	
23.04.2014	08:16:00	0,006	0,000	0,000	9,3		139,901	12,700	
23.04.2014	08:18:00	0,006	0,000	0,000	9,3		143,830	12,708	
23.04.2014	08:20:00	0,007	0,000	0,000	9,4		139,421	12,670	
23.04.2014	08:22:00	0,007	0,000	0,000	9,4		140,021	12,651	
23.04.2014	08:24:00	0,007	#-1	#-1	#-1		135,505	12,650	
23.04.2014	08:26:00	0,007	0,000	0,000	9,4		143,852	12,707	
23.04.2014	08:28:00	0,007	0,000	0,000	9,4		137,839	12,712	
23.04.2014	08:30:00	0,007	0,000	0,000	9,4		141,931	12,714	
23.04.2014	08:32:00	0,007	0,000	0,000	9,4		141,043	12,716	
23.04.2014	08:34:00	0,007	0,000	0,000	9,4		127,568	12,724	
23.04.2014	08:36:00	0,007	#-1	#-1	9,4		128,533	12,720	
23.04.2014	08:38:00	0,007	0,000	0,000	9,4		139,809	12,675	
23.04.2014	08:40:00	0,006	#-1	#-1	#-1		138,085	12,655	
23.04.2014	08:44:00	0,006	0,000	0,000	9,4		75,200	12,683		0,529	0,529	0,529	0,529	0,529	0,529	0,529	0,529	#-1	#-1	#-1	#-1	#-1	#-1	#-1	#-1	0,000	#-1	0,006	#-1	#-1
23.04.2014	08:46:00	0,006	#-1	#-1	#-1		75,100	12,687		0,529	0,529	0,529	#-1	#-1	#-1	#-1	#-1	#-1	#-1	#-1	#-1	#-1	#-1	#-1	#-1	#-1	#-1	0,006	#-1	#-1
23.04.2014	08:48:00	0,006	0,000	0,000	9,4		140,967	12,698		#-1	#-1	#-1	#-1	#-1	#-1	#-1	#-1	#-1	#-1	#-1	#-1	#-1	#-1	#-1	#-1	0,000	#-1	0,006	#-1	#-1
23.04.2014	08:50:00	0,006	0,000	0,000	9,4		139,692	12,707		#-1	#-1	#-1	#-1	#-1	#-1	#-1	#-1	#-1	#-1	#-1	#-1	#-1	#-1	#-1	#-1	0,000	#-1	0,006	#-1	#-1
23.04.2014	08:52:00	0,006	0,000	0,000	9,4		147,523	12,710		#-1	#-1	#-1	#-1	#-1	#-1	#-1	#-1	#-1	#-1	#-1	#-1	#-1	#-1	#-1	#-1	0,000	#-1	0,006	#-1	#-1
23.04.2014	08:54:00	0,006	0,000	0,000	9,4		144,169	12,715		#-1	#-1	#-1	#-1	#-1	#-1	#-1	#-1	#-1	#-1	#-1	#-1	#-1	#-1	#-1	#-1	0,000	#-1	0,006	#-1	#-1
23.04.2014	08:56:00	0,007	0,000	0,000	9,4		133,190	12,722		#-1	#-1	#-1	#-1	#-1	#-1	#-1	#-1	#-1	#-1	#-1	#-1	#-1	#-1	#-1	#-1	0,000	#-1	0,007	#-1	#-1
23.04.2014	08:58:00	0,007	0,000	0,000	9,4		133,676	12,725		#-1	#-1	#-1	#-1	#-1	#-1	#-1	#-1	#-1	#-1	#-1	#-1	#-1	#-1	#-1	#-1	0,000	#-1	0,007	#-1	#-1
23.04.2014	09:00:00	0,007	0,000	0,000	9,4		129,834	12,726		#-1	#-1	#-1	#-1	#-1	#-1	#-1	#-1	#-1	#-1	#-1	#-1	#-1	#-1	#-1	#-1	0,000	#-1	0,007	#-1	#-1
23.04.2014	09:02:00	0,007	0,000	0,000	9,4		128,811	12,727		#-1	#-1	#-1	#-1	#-1	#-1	#-1	#-1	#-1	#-1	#-1	#-1	#-1	#-1	#-1	#-1	0,000	#-1	0,007	#-1	#-1
23.04.2014	09:04:00	0,007	0,000	0,000	9,4		132,469	12,728		#-1	#-1	#-1	#-1	#-1	#-1	#-1	#-1	#-1	#-1	#-1	#-1	#-1	#-1	#-1	#-1	0,000	#-1	0,007	#-1	#-1
23.04.2014	09:06:00	0,007	0,000	0,000	9,4		130,938	12,729		#-1	#-1	#-1	#-1	#-1	#-1	#-1	#-1	#-1	#-1	#-1	#-1	#-1	#-1	#-1	#-1	0,000	#-1	0,007	#-1	#-1
23.04.2014	09:08:00	0,007	0,000	0,000	9,4		136,648	12,729		#-1	#-1	#-1	#-1	#-1	#-1	#-1	#-1	#-1	#-1	#-1	#-1	#-1	#-1	#-1	#-1	0,000	#-1	0,007	#-1	#-1
23.04.2014	09:10:00	0,007	0,000	0,000	9,4		134,113	12,730		#-1	#-1	#-1	#-1	#-1	#-1	#-1	#-1	#-1	#-1	#-1	#-1	#-1	#-1	#-1	#-1	0,000	#-1	0,007	#-1	#-1
23.04.2014	09:12:00	0,007	0,000	0,000	9,3		132,414	12,731		#-1	#-1	#-1	#-1	#-1	#-1	#-1	#-1	#-1	#-1	#-1	#-1	#-1	#-1	#-1	#-1	0,000	#-1	0,007	#-1	#-1
23.04.2014	09:14:00	0,007	0,000	0,000	9,3		129,204	12,730		#-1	#-1	#-1	#-1	#-1	#-1	#-1	#-1	#-1	#-1	#-1	#-1	#-1	#-1	#-1	#-1	0,000	#-1	0,007	#-1	#-1
23.04.2014	09:16:00	0,007	0,000	0,000	9,3		128,276	12,731		#-1	#-1	#-1	#-1	#-1	#-1	#-1	#-1	#-1	#-1	#-1	#-1	#-1	#-1	#-1	#-1	0,000	#-1	0,007	#-1	#-1
23.04.2014	09:18:00	0,007	0,000	0,000	9,3		130,686	12,731		#-1	#-1	#-1	#-1	#-1	#-1	#-1	#-1	#-1	#-1	#-1	#-1	#-1	#-1	#-1	#-1	0,000	#-1	0,007	#-1	#-1
23.04.2014	09:20:00	0,007	0,000	0,000	9,3		132,792	12,731		#-1	#-1	#-1	#-1	#-1	#-1	#-1	#-1	#-1	#-1	#-1	#-1	#-1	#-1	#-1	#-1	0,000	#-1	0,007	#-1	#-1
23.04.2014	09:22:00	0,007	0,000	0,000	9,3		130,567	12,731		#-1	#-1	#-1	#-1	#-1	#-1	#-1	#-1	#-1	#-1	#-1	#-1	#-1	#-1	#-1	#-1	0,000	#-1	0,007	#-1	#-1
23.04.2014	09:24:00	0,007	0,000	0,000	9,3		130,683	12,731		#-1	#-1	#-1	#-1	#-1	#-1	#-1	#-1	#-1	#-1	#-1	#-1	#-1	#-1	#-1	#-1	0,000	#-1	0,007	#-1	#-1
23.04.2014	09:26:00	0,007	0,000	0,000	9,3		131,223	12,731		#-1	#-1	#-1	#-1	#-1	#-1	#-1	#-1	#-1	#-1	#-1	#-1	#-1	#-1	#-1	#-1	0,000	#-1	0,007	#-1	#-1
23.04.2014	09:28:00	0,007	0,000	0,000	9,3		131,036	12,732		#-1	#-1	#-1	#-1	#-1	#-1	#-1	#-1	#-1	#-1	#-1	#-1	#-1	#-1	#-1	#-1	0,000	#-1	0,007	#-1	#-1
23.04.2014	09:30:00	0,007	0,000	0,000	9,3		129,489	12,732		#-1	#-1	#-1	#-1	#-1	#-1	#-1	#-1	#-1	#-1	#-1	#-1	#-1	#-1	#-1	#-1	0,000	#-1	0,007	#-1	#-1
23.04.2014	09:32:00	0,007	0,000	0,000	9,3		130,949	12,732		#-1	#-1	#-1	#-1	#-1	#-1	#-1	#-1	#-1	#-1	#-1	#-1	#-1	#-1	#-1	#-1	0,000	#-1	0,007	#-1	#-1
23.04.2014	09:34:00	0,007	0,000	0,000	9,3		133,888	12,732		#-1	#-1	#-1	#-1	#-1	#-1	#-1	#-1	#-1	#-1	#-1	#-1	#-1	#-1	#-1	#-1	0,000	#-1	0,007	#-1	#-1
23.04.2014	09:36:00	0,007	0,000	0,000	9,3		129,335	12,732		#-1	#-1	#-1	#-1	#-1	#-1	#-1	#-1	#-1	#-1	#-1	#-1	#-1	#-1	#-1	#-1	0,000	#-1	0,007	#-1	#-1
23.04.2014	09:38:00	0,007	0,000	0,000	9,3		119,281	12,733		#-1	#-1	#-1	#-1	#-1	#-1	#-1	#-1	#-1	#-1	#-1	#-1	#-1	#-1	#-1	#-1	0,000	#-1	0,007	#-1	#-1
23.04.2014	09:40:00	0,007	0,000	0,000	9,3		129,544	12,732		#-1	#-1	#-1	#-1	#-1	#-1	#-1	#-1	#-1	#-1	#-1	#-1	#-1	#-1	#-1	#-1	0,000	#-1	0,007	#-1	#-1
23.04.2014	09:42:00	0,007	0,000	0,000	9,3		132,767	12,732		#-1	#-1	#-1	#-1	#-1	#-1	#-1	#-1	#-1	#-1	#-1	#-1	#-1	#-1	#-1	#-1	0,000	#-1	0,007	#-1	#-1
23.04.2014	09:44:00	0,007	0,000	0,000	9,3		129,408	12,732		#-1	#-1	#-1	#-1	#-1	#-1	#-1	#-1	#-1	#-1	#-1	#-1	#-1	#-1	#-1	#-1	0,000	#-1	0,007	#-1	#-1
23.04.2014	09:46:00	0,007	0,000	0,000	9,3		119,403	12,733		#-1	#-1	#-1	#-1	#-1	#-1	#-1	#-1	#-1	#-1	#-1	#-1	#-1	#-1	#-1	#-1	0,000	#-1	0,007	#-1	#-1
23.04.2014	09:48:00	0,007	0,000	0,000	9,3		114,106	12,733		#-1	#-1	#-1	#-1	#-1	#-1	#-1	#-1	#-1	#-1	#-1	#-1	#-1	#-1	#-1	#-1	0,000	#-1	0,007	#-1	#-1
23.04.2014	09:50:00	0,007	0,000	0,000	9,3		133,760	12,732		#-1	#-1	#-1	#-1	#-1	#-1	#-1	#-1	#-1	#-1	#-1	#-1	#-1	#-1	#-1	#-1	0,000	#-1	0,007	#-1	#-1
23.04.2014	09:52:00	0,007	0,000	0,000	9,3		133,486	12,732		#-1	#-1	#-1	#-1	#-1	#-1	#-1	#-1	#-1	#-1	#-1	#-1	#-1	#-1	#-1	#-1	0,000	#-1	0,007	#-1	#-1
23.04.2014	09:54:00	0,007	0,000	0,000	9,3		122,377	12,732		#-1	#-1	#-1	#-1	#-1	#-1	#-1	#-1	#-1	#-1	#-1	#-1	#-1	#-1	#-1	#-1	0,000	#-1	0,007	#-1	#-1
23.04.2014	09:56:00	0,007	0,000	0,000	9,3		130,998	12,732		#-1	#-1	#-1	#-1	#-1	#-1	#-1	#-1	#-1	#-1	#-1	#-1	#-1	#-1	#-1	#-1	0,000	#-1	0,007	#-1	#-1
23.04.2014	09:58:00	0,007	0,000	0,000	9,3		131,462	12,732		#-1	#-1	#-1	#-1	#-1	#-1	#-1	#-1	#-1	#-1	#-1	#-1	#-1	#-1	#-1	#-1	0,000	#-1	0,007	#-1	#-1
23.04.2014	10:00:00	0,007	0,000	0,000	9,3		122,068	12,732		#-1	#-1	#-1	#-1	#-1	#-1	#-1	#-1	#-1	#-1	#-1	#-1	#-1	#-1	#-1	#-1	0,000	#-1	0,007	#-1	#-1
23.04.2014	10:02:00	0,007	0,000	0,000	9,3		131,503	12,732		#-1	#-1	#-1	#-1	#-1	#-1	#-1	#-1	#-1	#-1	#-1	#-1	#-1	#-1	#-1	#-1	0,000	#-1	0,007	#-1	#-1
23.04.2014	10:04:00	0,007	0,000	0,000	9,3		129,571	12,732		#-1	#-1	#-1	#-1	#-1	#-1	#-1	#-1	#-1	#-1	#-1	#-1	#-1	#-1	#-1	#-1	0,000	#-1	0,007	#-1	#-1
23.04.2014	10:06:00	0,007	0,000	0,000	9,3		121,308	12,731		#-1	#-1	#-1	#-1	#-1	#-1	#-1	#-1	#-1	#-1	#-1	#-1	#-1	#-1	#-1	#-1	0,000	#-1	0,007	#-1	#-1
23.04.2014	10:08:00	0,007	0,000	0,000	9,3		131,302	12,731		#-1	#-1	#-1	#-1	#-1	#-1	#-1	#-1	#-1	#-1	#-1	#-1	#-1	#-1	#-1	#-1	0,000	#-1	0,007	#-1	#-1
23.04.2014	10:10:00	0,007	0,000	0,000	9,3		119,604	12,733		#-1	#-1	#-1	#-1	#-1	#-1	#-1	#-1	#-1	#-1	#-1	#-1	#-1	#-1	#-1	#-1	0,000	#-1	0,007	#-1	#-1
23.04.2014	10:12:00	0,007	0,000	0,000	9,3		133,163	12,732		#-1	#-1	#-1	#-1	#-1	#-1	#-1	#-1	#-1	#-1	#-1	#-1	#-1	#-1	#-1	#-1	0,000	#-1	0,007	#-1	#-1
23.04.2014	10:14:00	0,007	0,000	0,000	9,3		131,332	12,731		#-1	#-1	#-1	#-1	#-1	#-1	#-1	#-1	#-1	#-1	#-1	#-1	#-1	#-1	#-1	#-1	0,000	#-1	0,007	#-1	#-1
23.04.2014	10:16:00	0,007	0,000	0,000	9,3		131,031	12,731		#-1	#-1	#-1	#-1	#-1	#-1	#-1	#-1	#-1	#-1	#-1	#-1	#-1	#-1	#-1	#-1	0,000	#-1	0,007	#-1	#-1
23.04.2014	10:18:00	0,007	0,000	0,000	9,3		129,438	12,731		#-1	#-1	#-1	#-1	#-1	#-1	#-1	#-1	#-1	#-1	#-1	#-1	#-1	#-1	#-1	#-1	0,000	#-1	0,007	#-1	#-1
23.04.2014	10:20:00	0,007	0,000	0,000	9,3		129,337	12,731		#-1	#-1	#-1	#-1	#-1	#-1	#-1	#-1	#-1	#-1	#-1	#-1	#-1	#-1	#-1	#-1	0,000	#-1	0,007	#-1	#-1
23.04.2014	10:22:00	0,007	0,000	0,000	9,3		131,166	12,730		#-1	#-1	#-1	#-1	#-1	#-1	#-1	#-1	#-1	#-1	#-1	#-1	#-1	#-1	#-1	#-1	0,000	#-1	0,007	#-1	#-1
23.04.2014	10:24:00	0,007	0,000	0,000	9,3		122,260	12,730		#-1	#-1	#-1	#-1	#-1	#-1	#-1	#-1	#-1	#-1	#-1	#-1	#-1	#-1	#-1	#-1	0,000	#-1	0,007	#-1	#-1
23.04.2014	10:26:00	0,007	0,000	0,000	9,3		125,859	12,730		#-1	#-1	#-1	#-1	#-1	#-1	#-1	#-1	#-1	#-1	#-1	#-1	#-1	#-1	#-1	#-1	0,000	#-1	0,007	#-1	#-1
23.04.2014	10:28:00	0,007	0,000	0,000	9,3		122,412	12,730		#-1	#-1	#-1	#-1	#-1	#-1	#-1	#-1	#-1	#-1	#-1	#-1	#-1	#-1	#-1	#-1	0,000	#-1	0,007	#-1	#-1
23.04.2014	10:30:00	0,007	0,000	0,000	9,3		130,960	12,731		#-1	#-1	#-1	#-1	#-1	#-1	#-1	#-1	#-1	#-1	#-1	#-1	#-1	#-1	#-1	#-1	0,000	#-1	0,007	#-1	#-1
23.04.2014	10:32:00	0,007	0,000	0,000	9,3		131,497	12,730		#-1	#-1	#-1	#-1	#-1	#-1	#-1	#-1	#-1	#-1	#-1	#-1	#-1	#-1	#-1	#-1	0,000	#-1	0,007	#-1	#-1
23.04.2014	10:34:00	0,007	0,000	0,000	9,3		131,942	12,730		#-1	#-1	#-1	#-1	#-1	#-1	#-1	#-1	#-1	#-1	#-1	#-1	#-1	#-1	#-1	#-1	0,000	#-1	0,007	#-1	#-1
23.04.2014	10:36:00	0,007	0,000	0,000	9,3		132,490	12,730		#-1	#-1	#-1	#-1	#-1	#-1	#-1	#-1	#-1	#-1	#-1	#-1	#-1	#-1	#-1	#-1	0,000	#-1	0,007	#-1	#-1
23.04.2014	10:38:00	0,007	0,000	0,000	9,3		130,577	12,730		#-1	#-1	#-1	#-1	#-1	#-1	#-1	#-1	#-1	#-1	#-1	#-1	#-1	#-1	#-1	#-1	0,000	#-1	0,007	#-1	#-1
23.04.2014	10:40:00	0,007	0,000	0,000	9,3		130,919	12,730		#-1	#-1	#-1	#-1	#-1	#-1	#-1	#-1	#-1	#-1	#-1	#-1	#-1	#-1	#-1	#-1	0,000	#-1	0,007	#-1	#-1
23.04.2014	10:42:00	0,007	0,000	0,000	9,3		131,199	12,730		#-1	#-1	#-1	#-1	#-1	#-1	#-1	#-1	#-1	#-1	#-1	#-1	#-1	#-1	#-1	#-1	0,000	#-1	0,007	#-1	#-1
23.04.2014	10:44:00	0,007	0,000	0,000	9,3		130,952	12,730		#-1	#-1	#-1	#-1	#-1	#-1	#-1	#-1	#-1	#-1	#-1	#-1	#-1	#-1	#-1	#-1	0,000	#-1	0,007	#-1	#-1
23.04.2014	10:46:00	0,007	0,000	0,000	9,3		131,147	12,729		#-1	#-1	#-1	#-1	#-1	#-1	#-1	#-1	#-1	#-1	#-1	#-1	#-1	#-1	#-1	#-1	0,000	#-1	0,007	#-1	#-1
23.04.2014	10:48:00	0,007	0,000	0,000	9,3		131,058	12,730		#-1	#-1	#-1	#-1	#-1	#-1	#-1	#-1	#-1	#-1	#-1	#-1	#-1	#-1	#-1	#-1	0,000	#-1	0,007	#-1	#-1
23.04.2014	10:50:00	0,007	0,000	0,000	9,3		118,985	12,731		#-1	#-1	#-1	#-1	#-1	#-1	#-1	#-1	#-1	#-1	#-1	#-1	#-1	#-1	#-1	#-1	0,000	#-1	0,007	#-1	#-1
23.04.2014	10:52:00	0,007	0,000	0,000	9,3		131,845	12,729		#-1	#-1	#-1	#-1	#-1	#-1	#-1	#-1	#-1	#-1	#-1	#-1	#-1	#-1	#-1	#-1	0,000	#-1	0,007	#-1	#-1
23.04.2014	10:54:00	0,007	0,000	0,000	9,3		131,815	12,729		#-1	#-1	#-1	#-1	#-1	#-1	#-1	#-1	#-1	#-1	#-1	#-1	#-1	#-1	#-1	#-1	0,000	#-1	0,007	#-1	#-1
23.04.2014	10:56:00	0,007	0,000	0,000	9,3		130,786	12,729		#-1	#-1	#-1	#-1	#-1	#-1	#-1	#-1	#-1	#-1	#-1	#-1	#-1	#-1	#-1	#-1	0,000	#-1	0,007	#-1	#-1
23.04.2014	10:58:00	0,007	0,000	0,000	9,3		129,451	12,729		#-1	#-1	#-1	#-1	#-1	#-1	#-1	#-1	#-1	#-1	#-1	#-1	#-1	#-1	#-1	#-1	0,000	#-1	0,007	#-1	#-1
23.04.2014	11:00:00	0,007	0,000	0,000	9,3		131,139	12,729		#-1	#-1	#-1	#-1	#-1	#-1	#-1	#-1	#-1	#-1	#-1	#-1	#-1	#-1	#-1	#-1	0,000	#-1	0,007	#-1	#-1
23.04.2014	11:02:00	0,007	0,000	0,000	9,3		131,104	12,729		#-1	#-1	#-1	#-1	#-1	#-1	#-1	#-1	#-1	#-1	#-1	#-1	#-1	#-1	#-1	#-1	0,000	#-1	0,007	#-1	#-1
23.04.2014	11:04:00	0,007	0,000	0,000	9,3		133,698	12,729		#-1	#-1	#-1	#-1	#-1	#-1	#-1	#-1	#-1	#-1	#-1	#-1	#-1	#-1	#-1	#-1	0,000	#-1	0,007	#-1	#-1
23.04.2014	11:06:00	0,007	0,000	0,000	9,3		134,908	12,729		#-1	#-1	#-1	#-1	#-1	#-1	#-1	#-1	#-1	#-1	#-1	#-1	#-1	#-1	#-1	#-1	0,000	#-1	0,007	#-1	#-1
23.04.2014	11:08:00	0,007	0,000	0,000	9,3		128,713	12,728		#-1	#-1	#-1	#-1	#-1	#-1	#-1	#-1	#-1	#-1	#-1	#-1	#-1	#-1	#-1	#-1	0,000	#-1	0,007	#-1	#-1
23.04.2014	11:10:00	0,007	0,000	0,000	9,3		133,188	12,728		#-1	#-1	#-1	#-1	#-1	#-1	#-1	#-1	#-1	#-1	#-1	#-1	#-1	#-1	#-1	#-1	0,000	#-1	0,007	#-1	#-1
23.04.2014	11:12:00	0,007	0,000	0,000	9,3		131,627	12,729		#-1	#-1	#-1	#-1	#-1	#-1	#-1	#-1	#-1	#-1	#-1	#-1	#-1	#-1	#-1	#-1	0,000	#-1	0,007	#-1	#-1
23.04.2014	11:14:00	0,007	0,000	0,000	9,3		132,800	12,729		#-1	#-1	#-1	#-1	#-1	#-1	#-1	#-1	#-1	#-1	#-1	#-1	#-1	#-1	#-1	#-1	0,000	#-1	0,007	#-1	#-1
23.04.2014	11:16:00	0,007	0,000	0,000	9,3		129,481	12,728		#-1	#-1	#-1	#-1	#-1	#-1	#-1	#-1	#-1	#-1	#-1	#-1	#-1	#-1	#-1	#-1	0,000	#-1	0,007	#-1	#-1
23.04.2014	11:18:00	0,007	0,000	0,000	9,3		131,625	12,728		#-1	#-1	#-1	#-1	#-1	#-1	#-1	#-1	#-1	#-1	#-1	#-1	#-1	#-1	#-1	#-1	0,000	#-1	0,007	#-1	#-1
23.04.2014	11:20:00	0,007	0,000	0,000	9,3		131,220	12,728		#-1	#-1	#-1	#-1	#-1	#-1	#-1	#-1	#-1	#-1	#-1	#-1	#-1	#-1	#-1	#-1	0,000	#-1	0,007	#-1	#-1
23.04.2014	11:22:00	0,007	0,000	0,000	9,3		130,813	12,728		#-1	#-1	#-1	#-1	#-1	#-1	#-1	#-1	#-1	#-1	#-1	#-1	#-1	#-1	#-1	#-1	0,000	#-1	0,007	#-1	#-1
23.04.2014	11:24:00	0,007	0,000	0,000	9,3		128,360	12,728		#-1	#-1	#-1	#-1	#-1	#-1	#-1	#-1	#-1	#-1	#-1	#-1	#-1	#-1	#-1	#-1	0,000	#-1	0,007	#-1	#-1
23.04.2014	11:26:00	0,007	0,000	0,000	9,3		130,667	12,728		#-1	#-1	#-1	#-1	#-1	#-1	#-1	#-1	#-1	#-1	#-1	#-1	#-1	#-1	#-1	#-1	0,000	#-1	0,007	#-1	#-1
23.04.2014	11:28:00	0,007	0,000	0,000	9,3		133,953	12,727		#-1	#-1	#-1	#-1	#-1	#-1	#-1	#-1	#-1	#-1	#-1	#-1	#-1	#-1	#-1	#-1	0,000	#-1	0,007	#-1	#-1
23.04.2014	11:30:00	0,007	0,000	0,000	9,3		131,033	12,727		#-1	#-1	#-1	#-1	#-1	#-1	#-1	#-1	#-1	#-1	#-1	#-1	#-1	#-1	#-1	#-1	0,000	#-1	0,007	#-1	#-1
