NIVUS	NEU

CPU32:	V4.10	27/01/14	FLASH : 8000B	DSP   : (1)V1.62 11/10/13 (4)
Datum	17.04.2014	c:\NEUxxxxx.txt

		Fenster min[m]:	 0,060
		Fenster max[m]:	 0,990

Datum	Uhrzeit	Füllstand [m]	Geschw. [m/s]	Durchfluss [l/s]	T [°C]	ADC_1 [m]	ADC_2 [mA]	ADC_3 [V]	ADC_4 [m]	

17.04.2014	11:45:00	0,059	#-1	#-1	#-1		124,728	12,885	
17.04.2014	11:50:00	0,060	#-1	#-1	#-1		134,980	12,861	
17.04.2014	12:00:00	0,059	0,000	0,000	8,7		153,031	12,855	
17.04.2014	12:05:00	0,059	#-1	#-1	#-1		153,944	12,865	
17.04.2014	12:10:00	0,059	0,000	0,000	8,7		108,223	13,001	
17.04.2014	12:15:00	0,060	#-1	#-1	8,6		87,050	13,018	
17.04.2014	12:20:00	0,060	0,000	0,000	8,6		156,397	13,019	
17.04.2014	12:25:00	0,060	0,000	0,000	8,6		122,911	13,037	
17.04.2014	12:30:00	0,060	0,000	0,000	8,6		104,450	13,047	
17.04.2014	12:35:00	0,060	0,000	0,000	8,6		133,347	13,057	
17.04.2014	12:40:00	0,060	0,000	0,000	8,6		103,878	13,062	
17.04.2014	12:55:00	0,059	#-1	#-1	#-1		129,846	12,889	
17.04.2014	13:10:00	0,058	0,000	0,000	8,7		135,342	12,873	
17.04.2014	13:12:00	0,058	0,000	0,000	8,7		150,314	12,867	
17.04.2014	13:14:00	0,059	#-1	#-1	#-1		125,549	12,869	
17.04.2014	13:16:00	0,059	0,000	0,000	8,7		134,951	12,949	
17.04.2014	13:18:00	0,059	0,000	0,000	8,7		140,216	12,969	
17.04.2014	13:20:00	0,059	0,000	0,000	8,7		89,242	12,987	
17.04.2014	13:22:00	0,059	0,000	0,000	8,7		76,573	12,997	
17.04.2014	13:24:00	0,059	0,000	0,000	8,7		74,633	13,007	
17.04.2014	13:26:00	0,059	0,000	0,000	8,7		75,924	13,012	
17.04.2014	13:28:00	0,059	0,000	0,000	8,7		141,522	13,012	
17.04.2014	13:30:00	0,059	0,000	0,000	8,7		146,538	13,015	
17.04.2014	13:32:00	0,059	0,000	0,000	8,7		74,540	13,026	
17.04.2014	13:34:00	0,059	0,000	0,000	8,7		84,469	13,027	
17.04.2014	13:36:00	0,059	0,000	0,000	8,7		71,127	13,030	
17.04.2014	13:38:00	0,059	0,000	0,000	8,7		73,249	13,031	
17.04.2014	13:40:00	0,059	0,000	0,000	8,6		136,175	13,031	
17.04.2014	13:42:00	0,059	0,000	0,000	8,6		69,434	13,037	
17.04.2014	13:44:00	0,059	0,000	0,000	8,6		76,253	13,036	
17.04.2014	13:46:00	0,059	0,000	0,000	8,6		94,406	13,034	
17.04.2014	13:48:00	0,059	0,000	0,000	8,6		70,622	13,037	
17.04.2014	13:50:00	0,059	0,000	0,000	8,6		74,093	13,035	
17.04.2014	13:52:00	0,059	0,000	0,000	8,6		89,120	13,034	
17.04.2014	13:54:00	0,059	0,000	0,000	8,6		89,261	13,034	
17.04.2014	13:56:00	0,059	0,000	0,000	8,6		73,756	13,036	
17.04.2014	13:58:00	0,059	0,000	0,000	8,6		94,900	13,033	
17.04.2014	14:00:00	0,059	0,000	0,000	8,6		76,749	13,035	
17.04.2014	14:02:00	0,059	0,000	0,000	8,7		73,034	13,036	
17.04.2014	14:04:00	0,059	0,000	0,000	8,7		70,164	13,036	
17.04.2014	14:06:00	0,059	0,000	0,000	8,7		120,754	13,030	
17.04.2014	14:08:00	0,059	0,000	0,000	8,7		78,027	13,033	
17.04.2014	14:10:00	0,059	0,000	0,000	8,7		121,517	13,037	
17.04.2014	14:12:00	0,059	0,000	0,000	8,7		95,924	13,048	
17.04.2014	14:14:00	0,059	0,000	0,000	8,7		82,224	13,050	
17.04.2014	14:16:00	0,059	0,000	0,000	8,7		78,879	13,044	
17.04.2014	14:18:00	0,059	0,000	0,000	8,7		74,432	13,042	
17.04.2014	14:20:00	0,059	0,000	0,000	8,7		73,129	13,039	
17.04.2014	14:22:00	0,059	0,000	0,000	8,7		84,344	13,036	
17.04.2014	14:24:00	0,059	0,000	0,000	8,7		73,531	13,037	
17.04.2014	14:26:00	0,059	0,000	0,000	8,7		77,647	13,034	
17.04.2014	14:28:00	0,059	0,000	0,000	8,7		73,045	13,035	
17.04.2014	14:30:00	0,059	0,000	0,000	8,6		75,349	13,033	
17.04.2014	14:32:00	0,059	0,000	0,000	8,6		73,273	13,032	
17.04.2014	14:34:00	0,059	0,000	0,000	8,6		129,443	13,029	
17.04.2014	14:36:00	0,059	0,000	0,000	8,7		113,960	13,033	
17.04.2014	14:38:00	0,058	0,000	0,000	8,7		136,810	13,028	
17.04.2014	14:40:00	0,058	0,000	0,000	8,7		75,262	13,034	
17.04.2014	14:42:00	0,058	0,000	0,000	8,7		75,737	13,032	
17.04.2014	14:44:00	0,058	0,000	0,000	8,7		73,824	13,031	
17.04.2014	14:46:00	0,058	0,000	0,000	8,7		74,006	13,030	
17.04.2014	14:48:00	0,059	0,000	0,000	8,7		74,421	13,029	
17.04.2014	14:50:00	0,059	0,000	0,000	8,7		71,363	13,029	
17.04.2014	14:52:00	0,059	0,000	0,000	8,7		73,949	13,028	
17.04.2014	14:54:00	0,059	0,000	0,000	8,7		69,317	13,028	
17.04.2014	14:56:00	0,059	0,000	0,000	8,7		70,633	13,026	
17.04.2014	14:58:00	0,059	0,000	0,000	8,7		70,519	13,026	
17.04.2014	15:00:00	0,059	0,000	0,000	8,7		97,787	13,021	
17.04.2014	15:02:00	0,059	0,000	0,000	8,7		114,049	13,022	
17.04.2014	15:04:00	0,059	0,000	0,000	8,7		74,342	13,027	
17.04.2014	15:06:00	0,059	0,000	0,000	8,7		74,090	13,026	
17.04.2014	15:08:00	0,059	0,000	0,000	8,7		95,714	13,022	
17.04.2014	15:10:00	0,059	0,000	0,000	8,7		73,064	13,024	
17.04.2014	15:12:00	0,059	0,000	0,000	8,7		76,852	13,022	
17.04.2014	15:14:00	0,058	0,000	0,000	8,7		73,281	13,024	
17.04.2014	15:16:00	0,058	0,000	0,000	8,7		76,261	13,022	
17.04.2014	15:18:00	0,058	0,000	0,000	8,7		115,883	13,019	
17.04.2014	15:20:00	0,058	0,000	0,000	8,7		73,216	13,024	
17.04.2014	15:22:00	0,058	0,000	0,000	8,7		74,614	13,023	
17.04.2014	15:24:00	0,058	0,000	0,000	8,7		73,631	13,022	
17.04.2014	15:26:00	0,058	0,000	0,000	8,7		73,498	13,021	
17.04.2014	15:28:00	0,058	0,000	0,000	8,7		90,520	13,019	
17.04.2014	15:30:00	0,058	0,000	0,000	8,7		72,682	13,020	
17.04.2014	15:32:00	0,058	0,000	0,000	8,7		136,601	13,012	
17.04.2014	15:34:00	0,058	0,000	0,000	8,7		147,241	13,008	
17.04.2014	15:36:00	0,058	0,000	0,000	8,7		75,241	13,018	
17.04.2014	15:38:00	0,058	0,000	0,000	8,7		79,267	13,017	
17.04.2014	15:40:00	0,058	0,000	0,000	8,7		73,916	13,017	
17.04.2014	15:42:00	0,058	0,000	0,000	8,7		85,821	13,014	
17.04.2014	15:44:00	0,058	0,000	0,000	8,7		76,090	13,015	
17.04.2014	15:46:00	0,058	0,000	0,000	8,7		73,848	13,017	
17.04.2014	15:48:00	0,058	0,000	0,000	8,7		69,957	13,016	
17.04.2014	15:50:00	0,058	0,000	0,000	8,7		75,721	13,014	
17.04.2014	15:52:00	0,058	0,000	0,000	8,7		86,065	13,013	
17.04.2014	15:54:00	0,058	0,000	0,000	8,7		77,585	13,013	
17.04.2014	15:56:00	0,058	0,000	0,000	8,7		71,789	13,014	
17.04.2014	15:58:00	0,058	0,000	0,000	8,7		83,916	13,013	
17.04.2014	16:00:00	0,058	0,000	0,000	8,7		73,867	13,013	
17.04.2014	16:02:00	0,058	0,000	0,000	8,7		72,809	13,013	
17.04.2014	16:04:00	0,058	0,000	0,000	8,7		137,206	13,006	
17.04.2014	16:06:00	0,058	0,000	0,000	8,7		76,315	13,011	
17.04.2014	16:08:00	0,058	0,000	0,000	8,7		73,792	13,012	
17.04.2014	16:10:00	0,058	0,000	0,000	8,7		76,540	13,011	
17.04.2014	16:12:00	0,058	0,000	0,000	8,7		84,266	13,010	
17.04.2014	16:14:00	0,058	0,000	0,000	8,7		68,202	13,010	
17.04.2014	16:16:00	0,058	0,000	0,000	8,7		67,268	13,012	
17.04.2014	16:18:00	0,058	0,000	0,000	8,7		147,002	12,999	
17.04.2014	16:20:00	0,058	0,000	0,000	8,7		75,021	13,010	
17.04.2014	16:22:00	0,058	0,000	0,000	8,7		110,318	13,004	
17.04.2014	16:24:00	0,058	0,000	0,000	8,7		131,051	13,011	
17.04.2014	16:26:00	0,058	0,000	0,000	8,7		146,546	13,003	
17.04.2014	16:28:00	0,058	0,000	0,000	8,7		68,359	13,014	
17.04.2014	16:30:00	0,058	0,000	0,000	8,7		72,399	13,012	
17.04.2014	16:32:00	0,058	0,000	0,000	8,7		74,315	13,011	
17.04.2014	16:34:00	0,058	0,000	0,000	8,7		97,972	13,007	
17.04.2014	16:36:00	0,058	0,000	0,000	8,7		73,420	13,009	
17.04.2014	16:38:00	0,058	0,000	0,000	8,7		140,917	13,014	
17.04.2014	16:40:00	0,058	0,000	0,000	8,7		144,322	13,010	
17.04.2014	16:42:00	0,058	0,000	0,000	8,7		84,818	13,019	
17.04.2014	16:44:00	0,058	0,000	0,000	8,7		77,552	13,015	
17.04.2014	16:46:00	0,058	0,000	0,000	8,7		72,937	13,015	
17.04.2014	16:48:00	0,058	0,000	0,000	8,7		72,489	13,013	
17.04.2014	16:50:00	0,058	0,000	0,000	8,7		136,110	13,003	
17.04.2014	16:52:00	0,058	0,000	0,000	8,7		72,280	13,010	
17.04.2014	16:54:00	0,058	0,000	0,000	8,7		134,677	13,000	
17.04.2014	16:56:00	0,058	0,000	0,000	8,7		75,819	13,007	
17.04.2014	16:58:00	0,058	0,000	0,000	8,7		70,074	13,008	
17.04.2014	17:00:00	0,058	0,000	0,000	8,7		64,213	13,008	
17.04.2014	17:02:00	0,058	0,000	0,000	8,7		72,326	13,006	
17.04.2014	17:04:00	0,058	0,000	0,000	8,7		67,369	13,006	
17.04.2014	17:06:00	0,058	0,000	0,000	8,7		71,341	13,005	
17.04.2014	17:08:00	0,058	0,000	0,000	8,7		70,904	13,004	
17.04.2014	17:10:00	0,058	0,000	0,000	8,7		99,708	12,998	
17.04.2014	17:12:00	0,058	0,000	0,000	8,7		123,468	12,997	
17.04.2014	17:14:00	0,058	0,000	0,000	8,7		146,862	13,002	
17.04.2014	17:16:00	0,058	0,000	0,000	8,7		139,122	13,001	
17.04.2014	17:18:00	0,058	0,000	0,000	8,7		70,866	13,006	
17.04.2014	17:20:00	0,058	0,000	0,000	8,7		76,985	13,003	
17.04.2014	17:22:00	0,058	0,000	0,000	8,7		76,114	13,003	
17.04.2014	17:24:00	0,058	0,000	0,000	8,7		69,746	13,004	
17.04.2014	17:26:00	0,058	0,000	0,000	8,8		73,338	13,002	
17.04.2014	17:28:00	0,058	0,000	0,000	8,8		76,760	13,001	
17.04.2014	17:30:00	0,057	0,000	0,000	8,8		83,983	13,001	
17.04.2014	17:32:00	0,057	0,000	0,000	8,8		147,697	12,990	
17.04.2014	17:34:00	0,057	0,000	0,000	8,8		72,494	13,001	
17.04.2014	17:36:00	0,057	0,000	0,000	8,8		145,133	12,991	
17.04.2014	17:38:00	0,057	0,000	0,000	8,8		75,897	12,999	
17.04.2014	17:40:00	0,057	0,000	0,000	8,8		133,271	12,995	
17.04.2014	17:42:00	0,057	0,000	0,000	8,8		71,878	13,004	
17.04.2014	17:44:00	0,057	0,000	0,000	8,8		67,667	13,003	
17.04.2014	17:46:00	0,057	0,000	0,000	8,8		93,923	12,999	
17.04.2014	17:48:00	0,057	0,000	0,000	8,8		76,144	12,999	
17.04.2014	17:50:00	0,057	0,000	0,000	8,8		122,315	12,995	
17.04.2014	17:52:00	0,058	0,000	0,000	8,8		69,925	13,001	
17.04.2014	17:54:00	0,058	0,000	0,000	8,8		147,711	12,988	
17.04.2014	17:56:00	0,058	0,000	0,000	8,8		76,185	12,997	
17.04.2014	17:58:00	0,057	0,000	0,000	8,8		67,388	12,999	
17.04.2014	18:00:00	0,057	0,000	0,000	8,8		69,710	12,999	
17.04.2014	18:02:00	0,057	0,000	0,000	8,8		134,034	12,988	
17.04.2014	18:04:00	0,057	0,000	0,000	8,8		71,105	12,998	
17.04.2014	18:06:00	0,057	0,000	0,000	8,8		71,466	12,997	
17.04.2014	18:08:00	0,057	0,000	0,000	8,8		76,353	12,995	
17.04.2014	18:10:00	0,057	0,000	0,000	8,8		67,776	12,997	
17.04.2014	18:12:00	0,057	0,000	0,000	8,8		135,342	12,987	
17.04.2014	18:14:00	0,057	0,000	0,000	8,8		76,044	12,994	
17.04.2014	18:16:00	0,058	0,000	0,000	8,8		69,879	12,996	
17.04.2014	18:18:00	0,058	0,000	0,000	8,8		74,608	12,996	
17.04.2014	18:20:00	0,058	0,000	0,000	8,8		83,818	12,994	
17.04.2014	18:22:00	0,058	0,000	0,000	8,8		69,748	12,996	
17.04.2014	18:24:00	0,058	0,000	0,000	8,8		68,118	12,995	
17.04.2014	18:26:00	0,058	0,000	0,000	8,8		147,805	12,983	
17.04.2014	18:28:00	0,057	0,000	0,000	8,8		148,272	12,983	
17.04.2014	18:30:00	0,057	0,000	0,000	8,8		73,148	12,994	
17.04.2014	18:32:00	0,057	0,000	0,000	8,8		73,642	12,994	
17.04.2014	18:34:00	0,057	0,000	0,000	8,8		73,827	12,995	
17.04.2014	18:36:00	0,057	0,000	0,000	8,8		147,873	12,982	
17.04.2014	18:38:00	0,057	0,000	0,000	8,8		67,618	12,995	
17.04.2014	18:40:00	0,057	0,000	0,000	8,8		75,534	12,992	
17.04.2014	18:42:00	0,057	0,000	0,000	8,8		74,559	12,992	
17.04.2014	18:44:00	0,057	0,000	0,000	8,8		75,086	12,992	
17.04.2014	18:46:00	0,057	0,000	0,000	8,8		72,315	12,993	
17.04.2014	18:48:00	0,057	0,000	0,000	8,8		70,101	12,993	
17.04.2014	18:50:00	0,057	0,000	0,000	8,8		74,646	12,991	
17.04.2014	18:52:00	0,057	0,000	0,000	8,8		73,287	12,991	
17.04.2014	18:54:00	0,057	0,000	0,000	8,8		68,799	12,992	
17.04.2014	18:56:00	0,057	0,000	0,000	8,8		74,082	12,991	
17.04.2014	18:58:00	0,057	0,000	0,000	8,8		76,711	12,990	
17.04.2014	19:00:00	0,057	0,000	0,000	8,8		71,922	12,991	
17.04.2014	19:02:00	0,057	0,000	0,000	8,8		69,187	12,992	
17.04.2014	19:04:00	0,057	0,000	0,000	8,8		68,679	12,991	
17.04.2014	19:06:00	0,057	0,000	0,000	8,8		76,226	12,989	
17.04.2014	19:08:00	0,057	0,000	0,000	8,8		74,920	12,990	
17.04.2014	19:10:00	0,057	0,000	0,000	8,8		143,334	12,982	
17.04.2014	19:12:00	0,057	0,000	0,000	8,8		143,608	12,981	
17.04.2014	19:14:00	0,057	0,000	0,000	8,8		76,079	12,989	
17.04.2014	19:16:00	0,057	0,000	0,000	8,8		73,070	12,990	
17.04.2014	19:18:00	0,057	0,000	0,000	8,8		63,268	12,991	
17.04.2014	19:20:00	0,057	0,000	0,000	8,8		65,711	12,989	
17.04.2014	19:22:00	0,057	0,000	0,000	8,8		75,897	12,988	
17.04.2014	19:24:00	0,057	0,000	0,000	8,8		73,971	12,989	
17.04.2014	19:26:00	0,057	0,000	0,000	8,8		71,786	12,989	
17.04.2014	19:28:00	0,057	0,000	0,000	8,8		68,861	12,989	
17.04.2014	19:30:00	0,057	0,000	0,000	8,8		78,429	12,987	
17.04.2014	19:32:00	0,057	0,000	0,000	8,8		147,822	12,977	
17.04.2014	19:34:00	0,057	0,000	0,000	8,8		75,373	12,987	
17.04.2014	19:36:00	0,057	0,000	0,000	8,8		68,487	12,989	
17.04.2014	19:38:00	0,057	0,000	0,000	8,8		75,851	12,987	
17.04.2014	19:40:00	0,057	0,000	0,000	8,8		71,501	12,988	
17.04.2014	19:42:00	0,057	0,000	0,000	8,8		77,240	12,986	
17.04.2014	19:44:00	0,057	0,000	0,000	8,8		132,488	12,979	
17.04.2014	19:46:00	0,057	0,000	0,000	8,8		73,832	12,988	
17.04.2014	19:48:00	0,057	0,000	0,000	8,8		147,987	12,976	
17.04.2014	19:50:00	0,057	0,000	0,000	8,8		72,237	12,987	
17.04.2014	19:52:00	0,057	0,000	0,000	8,8		79,297	12,985	
17.04.2014	19:54:00	0,057	0,000	0,000	8,8		77,694	12,985	
17.04.2014	19:56:00	0,057	0,000	0,000	8,8		65,971	12,988	
17.04.2014	19:58:00	0,057	0,000	0,000	8,8		76,434	12,985	
17.04.2014	20:00:00	0,057	0,000	0,000	8,8		74,022	12,986	
17.04.2014	20:02:00	0,057	0,000	0,000	8,8		75,227	12,985	
17.04.2014	20:04:00	0,057	0,000	0,000	8,8		130,978	12,988	
17.04.2014	20:06:00	0,057	0,000	0,000	8,8		82,792	12,989	
17.04.2014	20:08:00	0,057	0,000	0,000	8,8		147,379	12,978	
17.04.2014	20:10:00	0,057	0,000	0,000	8,8		67,890	12,990	
17.04.2014	20:12:00	0,057	0,000	0,000	8,8		147,808	12,976	
17.04.2014	20:14:00	0,057	0,000	0,000	8,8		120,545	12,982	
17.04.2014	20:16:00	0,057	0,000	0,000	8,8		72,516	12,987	
17.04.2014	20:18:00	0,057	0,000	0,000	8,8		68,568	12,987	
17.04.2014	20:20:00	0,057	0,000	0,000	8,8		148,321	12,974	
17.04.2014	20:22:00	0,057	0,000	0,000	8,8		148,335	12,974	
17.04.2014	20:24:00	0,057	0,000	0,000	8,8		70,484	12,986	
17.04.2014	20:26:00	0,057	0,000	0,000	8,8		72,636	12,985	
17.04.2014	20:28:00	0,057	0,000	0,000	8,8		67,271	12,986	
17.04.2014	20:30:00	0,057	0,000	0,000	8,8		72,310	12,985	
17.04.2014	20:32:00	0,057	0,000	0,000	8,8		76,348	12,983	
17.04.2014	20:34:00	0,057	0,000	0,000	8,8		76,738	12,983	
17.04.2014	20:36:00	0,057	0,000	0,000	8,8		77,034	12,982	
17.04.2014	20:38:00	0,057	0,000	0,000	8,8		73,439	12,984	
17.04.2014	20:40:00	0,057	0,000	0,000	8,8		148,213	12,973	
17.04.2014	20:42:00	0,057	0,000	0,000	8,8		72,896	12,984	
17.04.2014	20:44:00	0,057	0,000	0,000	8,9		70,153	12,984	
17.04.2014	20:46:00	0,057	0,000	0,000	8,9		148,459	12,972	
17.04.2014	20:48:00	0,057	0,000	0,000	8,9		73,634	12,983	
17.04.2014	20:50:00	0,057	0,000	0,000	8,9		96,946	12,980	
17.04.2014	20:52:00	0,057	0,000	0,000	8,9		96,105	12,980	
17.04.2014	20:54:00	0,057	0,000	0,000	8,9		73,775	12,982	
17.04.2014	20:56:00	0,057	0,000	0,000	8,9		70,904	12,982	
17.04.2014	20:58:00	0,057	0,000	0,000	8,9		69,770	12,983	
17.04.2014	21:00:00	0,057	0,000	0,000	8,9		76,920	12,980	
17.04.2014	21:02:00	0,057	0,000	0,000	8,9		67,569	12,983	
17.04.2014	21:04:00	0,057	0,000	0,000	8,9		69,889	12,983	
17.04.2014	21:06:00	0,057	0,000	0,000	8,9		73,488	12,982	
17.04.2014	21:08:00	0,057	0,000	0,000	8,9		74,057	12,982	
17.04.2014	21:10:00	0,057	0,000	0,000	8,9		72,910	12,982	
17.04.2014	21:12:00	0,057	0,000	0,000	8,9		148,253	12,970	
17.04.2014	21:14:00	0,057	0,000	0,000	8,9		148,392	12,969	
17.04.2014	21:16:00	0,057	0,000	0,000	8,9		75,455	12,980	
17.04.2014	21:18:00	0,057	0,000	0,000	8,9		67,998	12,982	
17.04.2014	21:20:00	0,057	0,000	0,000	8,9		68,123	12,981	
17.04.2014	21:22:00	0,057	0,000	0,000	8,9		73,496	12,980	
17.04.2014	21:24:00	0,057	0,000	0,000	8,9		74,494	12,980	
17.04.2014	21:26:00	0,057	0,000	0,000	8,9		82,836	12,977	
17.04.2014	21:28:00	0,057	0,000	0,000	8,9		76,801	12,978	
17.04.2014	21:30:00	0,057	0,000	0,000	8,9		148,571	12,969	
17.04.2014	21:32:00	0,056	0,000	0,000	8,9		97,209	12,976	
17.04.2014	21:34:00	0,056	0,000	0,000	8,9		71,366	12,980	
17.04.2014	21:36:00	0,056	0,000	0,000	8,9		101,933	12,975	
17.04.2014	21:38:00	0,056	0,000	0,000	8,9		70,302	12,980	
17.04.2014	21:40:00	0,056	0,000	0,000	8,9		79,973	12,977	
17.04.2014	21:42:00	0,056	0,000	0,000	8,9		75,957	12,978	
17.04.2014	21:44:00	0,056	0,000	0,000	8,9		124,936	12,974	
17.04.2014	21:46:00	0,056	0,000	0,000	8,9		77,699	12,977	
17.04.2014	21:48:00	0,056	0,000	0,000	8,9		77,409	12,977	
17.04.2014	21:50:00	0,056	0,000	0,000	8,9		69,195	12,980	
17.04.2014	21:52:00	0,056	0,000	0,000	8,9		148,478	12,967	
17.04.2014	21:54:00	0,056	0,000	0,000	8,9		68,970	12,979	
17.04.2014	21:56:00	0,056	0,000	0,000	8,9		134,178	12,968	
17.04.2014	21:58:00	0,056	0,000	0,000	8,9		71,273	12,978	
17.04.2014	22:00:00	0,056	0,000	0,000	8,9		69,591	12,979	
17.04.2014	22:02:00	0,056	0,000	0,000	8,9		69,092	12,979	
17.04.2014	22:04:00	0,056	0,000	0,000	8,9		69,233	12,979	
17.04.2014	22:06:00	0,056	0,000	0,000	8,9		70,630	12,978	
17.04.2014	22:08:00	0,056	0,000	0,000	8,9		96,382	12,975	
17.04.2014	22:10:00	0,056	0,000	0,000	8,9		81,761	12,975	
17.04.2014	22:12:00	0,056	0,000	0,000	8,9		148,492	12,966	
17.04.2014	22:14:00	0,056	0,000	0,000	8,9		75,338	12,977	
17.04.2014	22:16:00	0,056	0,000	0,000	8,9		67,808	12,979	
17.04.2014	22:18:00	0,056	0,000	0,000	8,9		67,219	12,978	
17.04.2014	22:20:00	0,056	0,000	0,000	8,9		77,346	12,975	
17.04.2014	22:22:00	0,056	0,000	0,000	8,9		73,702	12,976	
17.04.2014	22:24:00	0,056	0,000	0,000	8,9		99,841	12,974	
17.04.2014	22:26:00	0,056	0,000	0,000	8,9		68,736	12,978	
17.04.2014	22:28:00	0,056	0,000	0,000	8,9		69,222	12,977	
17.04.2014	22:30:00	0,056	0,000	0,000	8,9		77,808	12,975	
17.04.2014	22:32:00	0,056	0,000	0,000	8,9		77,021	12,974	
17.04.2014	22:34:00	0,056	0,000	0,000	8,9		72,972	12,976	
17.04.2014	22:36:00	0,056	0,000	0,000	8,9		148,644	12,965	
17.04.2014	22:38:00	0,056	0,000	0,000	8,9		75,680	12,975	
17.04.2014	22:40:00	0,056	0,000	0,000	8,9		69,922	12,977	
17.04.2014	22:42:00	0,056	0,000	0,000	8,9		96,297	12,973	
17.04.2014	22:44:00	0,056	0,000	0,000	8,9		76,524	12,974	
17.04.2014	22:46:00	0,056	0,000	0,000	8,9		67,217	12,977	
17.04.2014	22:48:00	0,056	0,000	0,000	8,9		75,911	12,974	
17.04.2014	22:50:00	0,056	0,000	0,000	8,9		145,762	12,965	
17.04.2014	22:52:00	0,055	0,000	0,000	8,9		69,724	12,977	
17.04.2014	22:54:00	0,055	0,000	0,000	8,9		71,054	12,975	
17.04.2014	22:56:00	0,055	0,000	0,000	8,9		69,059	12,976	
17.04.2014	22:58:00	0,055	0,000	0,000	8,9		76,312	12,974	
17.04.2014	23:00:00	0,055	0,000	0,000	8,9		143,140	12,970	
17.04.2014	23:02:00	0,055	0,000	0,000	8,9		148,801	12,970	
17.04.2014	23:04:00	0,056	0,000	0,000	8,9		72,150	12,978	
17.04.2014	23:06:00	0,056	0,000	0,000	8,9		69,377	12,978	
17.04.2014	23:08:00	0,056	0,000	0,000	8,9		77,430	12,974	
17.04.2014	23:10:00	0,056	0,000	0,000	8,9		97,082	12,973	
17.04.2014	23:12:00	0,056	0,000	0,000	8,9		84,016	12,974	
17.04.2014	23:14:00	0,056	0,000	0,000	8,9		148,563	12,964	
17.04.2014	23:16:00	0,056	0,000	0,000	8,9		73,287	12,974	
17.04.2014	23:18:00	0,056	0,000	0,000	8,9		71,178	12,975	
17.04.2014	23:20:00	0,056	0,000	0,000	8,9		71,558	12,974	
17.04.2014	23:22:00	0,056	0,000	0,000	8,9		76,277	12,972	
17.04.2014	23:24:00	0,056	0,000	0,000	8,9		134,981	12,964	
17.04.2014	23:26:00	0,056	0,000	0,000	8,9		71,740	12,974	
17.04.2014	23:28:00	0,056	0,000	0,000	8,9		75,664	12,972	
17.04.2014	23:30:00	0,056	0,000	0,000	8,9		99,025	12,970	
17.04.2014	23:32:00	0,056	0,000	0,000	8,9		70,155	12,974	
17.04.2014	23:34:00	0,056	0,000	0,000	8,9		72,633	12,973	
17.04.2014	23:36:00	0,056	0,000	0,000	8,9		76,896	12,971	
17.04.2014	23:38:00	0,056	0,000	0,000	8,9		71,623	12,973	
17.04.2014	23:40:00	0,056	0,000	0,000	8,9		148,633	12,961	
17.04.2014	23:42:00	0,055	0,000	0,000	8,9		69,260	12,974	
17.04.2014	23:44:00	0,056	0,000	0,000	8,9		69,084	12,973	
17.04.2014	23:46:00	0,056	0,000	0,000	8,9		66,853	12,974	
17.04.2014	23:48:00	0,056	0,000	0,000	8,9		79,664	12,970	
17.04.2014	23:50:00	0,056	0,000	0,000	8,9		70,085	12,973	
17.04.2014	23:52:00	0,056	0,000	0,000	8,9		74,825	12,972	
17.04.2014	23:54:00	0,056	0,000	0,000	8,9		148,639	12,960	
17.04.2014	23:56:00	0,056	0,000	0,000	8,9		75,346	12,971	
17.04.2014	23:58:00	0,056	0,000	0,000	8,9		71,954	12,972	
18.04.2014	00:00:00	0,056	0,000	0,000	8,9		77,002	12,970	
18.04.2014	00:02:00	0,056	0,000	0,000	8,9		70,576	12,972	
18.04.2014	00:04:00	0,056	0,000	0,000	8,9		76,429	12,970	
18.04.2014	00:06:00	0,056	0,000	0,000	8,9		79,387	12,969	
18.04.2014	00:08:00	0,056	0,000	0,000	8,9		74,939	12,970	
18.04.2014	00:10:00	0,056	0,000	0,000	8,9		78,025	12,970	
18.04.2014	00:12:00	0,056	0,000	0,000	8,9		67,635	12,972	
18.04.2014	00:14:00	0,056	0,000	0,000	8,9		75,487	12,970	
18.04.2014	00:16:00	0,056	0,000	0,000	8,9		100,441	12,967	
18.04.2014	00:18:00	0,056	0,000	0,000	8,9		75,490	12,970	
18.04.2014	00:20:00	0,056	0,000	0,000	8,9		147,263	12,960	
18.04.2014	00:22:00	0,056	0,000	0,000	8,9		74,956	12,971	
18.04.2014	00:24:00	0,056	0,000	0,000	8,9		74,359	12,970	
18.04.2014	00:26:00	0,056	0,000	0,000	8,9		115,437	12,981	
18.04.2014	00:28:00	0,056	0,000	0,000	8,9		73,710	12,977	
18.04.2014	00:30:00	0,056	0,000	0,000	8,9		72,448	12,975	
18.04.2014	00:32:00	0,056	0,000	0,000	8,9		68,869	12,975	
18.04.2014	00:34:00	0,056	0,000	0,000	8,9		72,733	12,973	
18.04.2014	00:36:00	0,056	0,000	0,000	8,9		148,647	12,961	
18.04.2014	00:38:00	0,056	0,000	0,000	8,9		68,687	12,973	
18.04.2014	00:40:00	0,056	0,000	0,000	8,9		134,667	12,962	
18.04.2014	00:42:00	0,056	0,000	0,000	8,9		78,204	12,970	
18.04.2014	00:44:00	0,055	0,000	0,000	8,9		148,706	12,960	
18.04.2014	00:46:00	0,055	0,000	0,000	8,9		72,999	12,970	
18.04.2014	00:48:00	0,055	0,000	0,000	8,9		69,119	12,970	
18.04.2014	00:50:00	0,055	0,000	0,000	8,9		69,393	12,970	
18.04.2014	00:52:00	0,055	0,000	0,000	8,9		75,745	12,968	
18.04.2014	00:54:00	0,055	0,000	0,000	8,9		148,677	12,958	
18.04.2014	00:56:00	0,055	0,000	0,000	8,9		71,073	12,970	
18.04.2014	00:58:00	0,055	0,000	0,000	8,9		71,227	12,969	
18.04.2014	01:00:00	0,055	0,000	0,000	8,9		98,756	12,965	
18.04.2014	01:02:00	0,056	0,000	0,000	8,9		67,000	12,970	
18.04.2014	01:04:00	0,056	0,000	0,000	8,9		71,775	12,969	
18.04.2014	01:06:00	0,056	0,000	0,000	8,9		148,791	12,958	
18.04.2014	01:08:00	0,055	0,000	0,000	8,9		70,543	12,969	
18.04.2014	01:10:00	0,055	0,000	0,000	8,9		68,394	12,970	
18.04.2014	01:12:00	0,055	0,000	0,000	8,9		79,653	12,968	
18.04.2014	01:14:00	0,055	0,000	0,000	8,9		71,143	12,969	
18.04.2014	01:16:00	0,055	0,000	0,000	8,9		74,535	12,968	
18.04.2014	01:18:00	0,055	0,000	0,000	8,9		76,207	12,967	
18.04.2014	01:20:00	0,055	0,000	0,000	8,9		73,051	12,968	
18.04.2014	01:22:00	0,055	0,000	0,000	8,9		76,321	12,967	
18.04.2014	01:24:00	0,055	0,000	0,000	8,9		77,658	12,967	
18.04.2014	01:26:00	0,055	0,000	0,000	8,9		136,938	12,959	
18.04.2014	01:28:00	0,055	0,000	0,000	8,9		72,722	12,968	
18.04.2014	01:30:00	0,055	0,000	0,000	8,9		73,200	12,967	
18.04.2014	01:32:00	0,055	0,000	0,000	8,9		70,112	12,969	
18.04.2014	01:34:00	0,055	0,000	0,000	8,9		144,837	12,967	
18.04.2014	01:36:00	0,055	0,000	0,000	8,9		68,055	12,974	
18.04.2014	01:38:00	0,055	0,000	0,000	8,9		68,025	12,972	
18.04.2014	01:40:00	0,055	0,000	0,000	8,9		68,297	12,971	
18.04.2014	01:42:00	0,055	0,000	0,000	8,9		69,404	12,970	
18.04.2014	01:44:00	0,055	0,000	0,000	8,9		67,512	12,970	
18.04.2014	01:46:00	0,055	0,000	0,000	8,9		98,620	12,965	
18.04.2014	01:48:00	0,055	0,000	0,000	8,9		73,729	12,968	
18.04.2014	01:50:00	0,055	0,000	0,000	8,9		148,755	12,956	
18.04.2014	01:52:00	0,055	0,000	0,000	8,9		76,717	12,967	
18.04.2014	01:54:00	0,055	0,000	0,000	8,9		72,679	12,967	
18.04.2014	01:56:00	0,055	0,000	0,000	8,8		148,834	12,956	
18.04.2014	01:58:00	0,055	0,000	0,000	8,8		70,052	12,968	
18.04.2014	02:00:00	0,055	0,000	0,000	8,8		74,671	12,967	
18.04.2014	02:02:00	0,055	0,000	0,000	8,8		68,861	12,968	
18.04.2014	02:04:00	0,055	0,000	0,000	8,8		134,102	12,958	
18.04.2014	02:06:00	0,055	0,000	0,000	8,8		76,364	12,966	
18.04.2014	02:08:00	0,055	0,000	0,000	8,8		76,557	12,965	
18.04.2014	02:10:00	0,055	0,000	0,000	8,8		71,447	12,967	
18.04.2014	02:12:00	0,055	0,000	0,000	8,8		68,937	12,967	
18.04.2014	02:14:00	0,055	0,000	0,000	8,8		73,683	12,967	
18.04.2014	02:16:00	0,055	0,000	0,000	8,8		70,736	12,967	
18.04.2014	02:18:00	0,055	0,000	0,000	8,8		68,367	12,967	
18.04.2014	02:20:00	0,055	0,000	0,000	8,8		76,147	12,965	
18.04.2014	02:22:00	0,055	0,000	0,000	8,8		74,133	12,966	
18.04.2014	02:24:00	0,055	0,000	0,000	8,8		76,502	12,964	
18.04.2014	02:26:00	0,055	0,000	0,000	8,8		69,086	12,967	
18.04.2014	02:28:00	0,055	0,000	0,000	8,8		69,276	12,966	
18.04.2014	02:30:00	0,055	0,000	0,000	8,8		76,239	12,964	
18.04.2014	02:32:00	0,055	0,000	0,000	8,8		148,720	12,954	
18.04.2014	02:34:00	0,055	0,000	0,000	8,8		148,080	12,954	
18.04.2014	02:36:00	0,055	0,000	0,000	8,8		135,353	12,957	
18.04.2014	02:38:00	0,055	0,000	0,000	8,8		74,334	12,965	
18.04.2014	02:40:00	0,055	0,000	0,000	8,8		132,385	12,958	
18.04.2014	02:42:00	0,056	0,000	0,000	8,8		73,873	12,965	
18.04.2014	02:44:00	0,056	0,000	0,000	8,8		68,389	12,966	
18.04.2014	02:46:00	0,056	0,000	0,000	8,8		72,443	12,966	
18.04.2014	02:48:00	0,056	0,000	0,000	8,8		84,979	12,963	
18.04.2014	02:50:00	0,056	0,000	0,000	8,8		145,575	12,954	
18.04.2014	02:52:00	0,056	0,000	0,000	8,8		125,882	12,975	
18.04.2014	02:54:00	0,058	0,000	0,000	8,8		76,472	12,970	
18.04.2014	02:56:00	0,058	0,000	0,000	8,8		74,744	12,969	
18.04.2014	02:58:00	0,058	0,000	0,000	8,8		75,536	12,967	
18.04.2014	03:00:00	0,059	0,000	0,000	8,8		75,487	12,967	
18.04.2014	03:02:00	0,060	0,000	0,000	8,8		67,217	12,969	
18.04.2014	03:04:00	0,060	0,000	0,000	8,8		148,126	12,955	
18.04.2014	03:06:00	0,061	0,000	0,000	8,8		148,145	12,954	
18.04.2014	03:08:00	0,064	0,000	0,000	8,8		116,641	12,959	
18.04.2014	03:10:00	0,064	0,000	0,000	8,8		148,023	12,954	
18.04.2014	03:12:00	0,065	0,535	11,847	8,8		74,521	12,965	
18.04.2014	03:14:00	0,067	0,540	12,232	8,7		147,274	12,955	
18.04.2014	03:16:00	0,067	0,540	12,232	8,7		144,080	12,955	
18.04.2014	03:18:00	0,068	0,550	13,020	8,7		133,956	12,956	
18.04.2014	03:20:00	0,071	0,561	13,834	8,7		141,635	12,955	
18.04.2014	03:22:00	0,071	0,561	13,834	8,7		146,853	12,955	
18.04.2014	03:24:00	0,072	0,571	14,673	8,7		136,623	12,955	
18.04.2014	03:26:00	0,074	0,576	15,103	8,7		109,436	12,959	
18.04.2014	03:28:00	0,074	0,576	15,103	8,7		144,468	12,954	
18.04.2014	03:30:00	0,076	#-1	#-1	8,8		121,629	12,954	
18.04.2014	03:32:00	0,078	#-1	#-1	8,8		73,706	12,956	
18.04.2014	03:34:00	0,078	#-1	#-1	8,8		147,780	12,942	
18.04.2014	03:36:00	0,080	#-1	#-1	8,8		148,667	12,939	
18.04.2014	03:38:00	0,083	#-1	#-1	8,9		75,307	12,948	
18.04.2014	03:40:00	0,084	0,006	0,185	8,9		142,191	12,943	
18.04.2014	03:42:00	0,087	0,019	0,650	8,9		115,371	12,956	
18.04.2014	03:44:00	0,092	0,037	1,354	9,0		113,515	12,963	
18.04.2014	03:46:00	0,093	#-1	#-1	9,1		107,642	12,955	
18.04.2014	03:48:00	0,096	0,037	1,508	9,1		114,147	12,956	
18.04.2014	03:50:00	0,100	0,037	1,530	9,2		125,446	12,955	
18.04.2014	03:52:00	0,100	0,037	1,553	9,3		125,544	12,968	
18.04.2014	03:54:00	0,104	0,034	1,496	9,4		98,745	12,979	
18.04.2014	03:56:00	0,107	0,040	1,798	9,4		104,594	12,981	
18.04.2014	03:58:00	0,108	0,040	1,848	9,4		117,833	12,970	
18.04.2014	04:00:00	0,111	0,043	2,081	9,5		116,234	12,973	
18.04.2014	04:02:00	0,113	0,047	2,300	9,6		116,196	12,978	
18.04.2014	04:04:00	0,114	0,044	2,183	9,6		121,221	12,974	
18.04.2014	04:06:00	0,117	0,043	2,266	9,6		95,730	12,988	
18.04.2014	04:08:00	0,120	0,042	2,255	9,7		105,823	12,985	
18.04.2014	04:10:00	0,121	0,051	2,783	9,7		127,983	12,986	
18.04.2014	04:12:00	0,124	0,053	3,024	9,7		100,161	12,995	
18.04.2014	04:14:00	0,129	0,057	3,408	9,7		71,922	13,001	
18.04.2014	04:16:00	0,129	0,061	3,638	9,7		134,820	12,995	
18.04.2014	04:18:00	0,133	0,069	4,361	9,8		89,664	12,999	
18.04.2014	04:20:00	0,140	0,082	5,463	9,9		73,897	13,007	
18.04.2014	04:22:00	0,141	0,084	5,745	9,9		85,414	13,003	
18.04.2014	04:24:00	0,145	0,088	6,336	9,9		138,129	13,000	
18.04.2014	04:26:00	0,154	0,093	7,156	9,9		88,830	13,005	
18.04.2014	04:28:00	0,155	0,099	7,779	9,9		74,610	13,003	
18.04.2014	04:30:00	0,160	0,114	9,652	9,9		99,846	13,004	
18.04.2014	04:32:00	0,171	0,121	10,792	9,9		106,568	13,004	
18.04.2014	04:34:00	0,172	0,125	11,331	9,9		107,061	13,006	
18.04.2014	04:36:00	0,178	0,129	12,730	9,9		101,249	13,009	
18.04.2014	04:38:00	0,189	0,133	13,742	9,9		80,050	13,005	
18.04.2014	04:40:00	0,190	0,141	14,718	9,8		79,732	13,008	
18.04.2014	04:42:00	0,197	0,153	17,343	9,8		81,168	13,007	
18.04.2014	04:44:00	0,210	0,160	19,222	9,8		81,035	13,009	
18.04.2014	04:46:00	0,212	0,159	19,507	9,9		115,779	13,008	
18.04.2014	04:48:00	0,218	0,155	20,079	9,9		115,358	13,011	
18.04.2014	04:50:00	0,224	0,146	19,158	9,9		125,194	13,008	
18.04.2014	04:52:00	0,225	0,145	19,164	9,9		97,530	13,012	
18.04.2014	04:54:00	0,225	0,144	19,005	9,9		114,749	13,009	
18.04.2014	04:56:00	0,225	0,143	18,889	9,9		123,680	13,012	
18.04.2014	04:58:00	0,225	0,142	18,633	9,8		115,870	13,013	
18.04.2014	05:00:00	0,223	0,139	18,044	9,8		105,587	13,010	
18.04.2014	05:02:00	0,220	0,135	17,300	9,8		126,362	13,014	
18.04.2014	05:04:00	0,219	0,127	16,080	9,8		110,345	13,016	
18.04.2014	05:06:00	0,217	0,126	15,636	9,8		108,843	13,016	
18.04.2014	05:08:00	0,210	0,122	14,687	9,7		108,734	13,016	
18.04.2014	05:10:00	0,209	0,117	13,829	9,6		109,820	13,016	
18.04.2014	05:12:00	0,206	0,112	12,896	9,6		68,865	13,022	
18.04.2014	05:14:00	0,200	0,108	12,082	9,6		76,020	13,015	
18.04.2014	05:16:00	0,199	0,107	11,759	9,5		67,550	13,015	
18.04.2014	05:18:00	0,196	0,106	11,349	9,5		83,363	13,012	
18.04.2014	05:20:00	0,189	0,105	10,840	9,5		115,557	13,008	
18.04.2014	05:22:00	0,187	0,095	9,610	9,5		100,357	13,008	
18.04.2014	05:24:00	0,183	0,101	9,590	9,4		91,329	13,008	
18.04.2014	05:26:00	0,178	0,098	9,233	9,4		102,579	13,004	
18.04.2014	05:28:00	0,177	0,095	8,751	9,4		99,331	13,007	
18.04.2014	05:30:00	0,174	0,085	7,659	9,4		102,282	13,008	
18.04.2014	05:32:00	0,168	0,080	6,949	9,4		115,414	13,009	
18.04.2014	05:34:00	0,166	0,078	6,627	9,4		99,128	13,002	
18.04.2014	05:36:00	0,163	0,071	5,723	9,4		106,117	13,005	
18.04.2014	05:38:00	0,160	0,069	5,560	9,4		105,905	13,006	
18.04.2014	05:40:00	0,159	0,063	5,047	9,4		109,267	13,003	
18.04.2014	05:42:00	0,153	0,057	4,294	9,4		104,089	12,991	
18.04.2014	05:44:00	0,152	#-1	#-1	9,4		100,180	12,980	
18.04.2014	05:46:00	0,150	0,058	4,238	9,4		115,560	12,972	
18.04.2014	05:48:00	0,147	#-1	#-1	9,4		101,671	12,967	
18.04.2014	05:50:00	0,146	#-1	#-1	9,4		105,181	12,961	
18.04.2014	05:52:00	0,146	0,056	3,916	9,4		111,774	12,966	
18.04.2014	05:54:00	0,143	#-1	#-1	9,4		121,103	12,959	
18.04.2014	05:56:00	0,141	#-1	#-1	9,4		115,385	12,956	
18.04.2014	05:58:00	0,140	#-1	#-1	9,4		109,879	12,953	
18.04.2014	06:00:00	0,139	0,053	3,419	9,5		99,896	12,956	
18.04.2014	06:02:00	0,137	#-1	#-1	9,5		100,684	12,955	
18.04.2014	06:04:00	0,136	#-1	#-1	9,5		99,008	12,951	
18.04.2014	06:06:00	0,134	#-1	#-1	9,5		120,321	12,944	
18.04.2014	06:08:00	0,133	#-1	#-1	9,5		130,006	12,940	
18.04.2014	06:10:00	0,132	#-1	#-1	9,5		118,371	12,938	
18.04.2014	06:12:00	0,130	#-1	#-1	9,5		113,934	12,939	
18.04.2014	06:14:00	0,129	#-1	#-1	9,5		111,960	12,938	
18.04.2014	06:16:00	0,128	#-1	#-1	9,5		114,932	12,938	
18.04.2014	06:18:00	0,126	#-1	#-1	9,5		136,295	12,934	
18.04.2014	06:20:00	0,125	#-1	#-1	9,5		111,855	12,936	
18.04.2014	06:22:00	0,124	#-1	#-1	9,5		114,729	12,933	
18.04.2014	06:24:00	0,124	#-1	#-1	9,5		111,021	12,934	
18.04.2014	06:26:00	0,124	#-1	#-1	9,5		118,367	12,932	
18.04.2014	06:28:00	0,122	#-1	#-1	9,5		119,968	12,934	
18.04.2014	06:30:00	0,121	#-1	#-1	9,5		140,964	12,932	
18.04.2014	06:32:00	0,121	#-1	#-1	9,5		117,830	12,932	
18.04.2014	06:34:00	0,121	#-1	#-1	9,5		119,688	12,931	
18.04.2014	06:36:00	0,119	#-1	#-1	9,5		104,168	12,932	
18.04.2014	06:38:00	0,118	#-1	#-1	9,5		103,465	12,931	
18.04.2014	06:40:00	0,118	#-1	#-1	9,5		111,030	12,931	
18.04.2014	06:42:00	0,116	#-1	#-1	9,5		122,610	12,931	
18.04.2014	06:44:00	0,116	#-1	#-1	9,5		130,974	12,929	
18.04.2014	06:46:00	0,116	#-1	#-1	9,5		120,442	12,930	
18.04.2014	06:48:00	0,114	#-1	#-1	9,6		123,832	12,930	
18.04.2014	06:50:00	0,113	#-1	#-1	9,6		112,191	12,931	
18.04.2014	06:52:00	0,113	#-1	#-1	9,6		123,896	12,930	
18.04.2014	06:54:00	0,113	#-1	#-1	9,6		120,151	12,929	
18.04.2014	06:56:00	0,113	#-1	#-1	9,6		128,380	12,929	
18.04.2014	06:58:00	0,112	#-1	#-1	9,6		114,324	12,929	
18.04.2014	07:00:00	0,111	#-1	#-1	9,6		104,254	12,930	
18.04.2014	07:02:00	0,111	#-1	#-1	9,6		130,198	12,928	
18.04.2014	07:04:00	0,110	#-1	#-1	9,6		125,821	12,928	
18.04.2014	07:06:00	0,110	#-1	#-1	9,6		122,118	12,929	
18.04.2014	07:08:00	0,110	#-1	#-1	9,6		133,228	12,928	
18.04.2014	07:10:00	0,109	#-1	#-1	9,6		121,738	12,928	
18.04.2014	07:12:00	0,108	#-1	#-1	9,6		118,471	12,928	
18.04.2014	07:14:00	0,108	#-1	#-1	9,6		117,662	12,929	
18.04.2014	07:16:00	0,107	#-1	#-1	9,6		120,757	12,928	
18.04.2014	07:18:00	0,107	#-1	#-1	9,6		128,684	12,927	
18.04.2014	07:20:00	0,107	#-1	#-1	9,6		119,122	12,927	
18.04.2014	07:22:00	0,106	#-1	#-1	9,6		118,405	12,930	
18.04.2014	07:24:00	0,105	#-1	#-1	9,6		110,458	12,929	
18.04.2014	07:26:00	0,105	#-1	#-1	9,6		112,043	12,930	
18.04.2014	07:28:00	0,105	#-1	#-1	9,6		131,311	12,928	
18.04.2014	07:30:00	0,105	#-1	#-1	9,6		111,549	12,928	
18.04.2014	07:32:00	0,105	#-1	#-1	9,6		112,076	12,929	
18.04.2014	07:34:00	0,104	#-1	#-1	9,6		120,734	12,928	
18.04.2014	07:36:00	0,104	#-1	#-1	9,6		120,507	12,928	
18.04.2014	07:38:00	0,104	#-1	#-1	9,6		120,743	12,928	
18.04.2014	07:40:00	0,103	#-1	#-1	9,6		123,807	12,928	
18.04.2014	07:42:00	0,102	#-1	#-1	9,6		120,779	12,928	
18.04.2014	07:44:00	0,102	#-1	#-1	9,6		118,617	12,928	
18.04.2014	07:46:00	0,102	#-1	#-1	9,6		110,596	12,928	
18.04.2014	07:48:00	0,101	#-1	#-1	9,6		120,540	12,927	
18.04.2014	07:50:00	0,101	#-1	#-1	9,6		119,536	12,928	
18.04.2014	07:52:00	0,101	#-1	#-1	9,6		120,120	12,928	
18.04.2014	07:54:00	0,101	#-1	#-1	9,6		129,536	12,926	
18.04.2014	07:56:00	0,100	#-1	#-1	9,6		120,647	12,927	
18.04.2014	07:58:00	0,100	#-1	#-1	9,6		121,515	12,927	
18.04.2014	08:00:00	0,100	#-1	#-1	9,6		120,650	12,927	
18.04.2014	08:02:00	0,099	#-1	#-1	9,6		133,827	12,926	
18.04.2014	08:04:00	0,099	#-1	#-1	9,6		127,270	12,927	
18.04.2014	08:06:00	0,099	#-1	#-1	9,6		120,267	12,927	
18.04.2014	08:08:00	0,099	#-1	#-1	9,6		120,258	12,927	
18.04.2014	08:10:00	0,099	#-1	#-1	9,6		131,320	12,927	
18.04.2014	08:12:00	0,098	#-1	#-1	9,6		134,486	12,926	
18.04.2014	08:14:00	0,098	#-1	#-1	9,6		121,361	12,927	
18.04.2014	08:16:00	0,098	#-1	#-1	9,6		128,056	12,926	
18.04.2014	08:18:00	0,098	#-1	#-1	9,6		123,986	12,927	
18.04.2014	08:20:00	0,098	#-1	#-1	9,6		131,206	12,927	
18.04.2014	08:22:00	0,097	#-1	#-1	9,6		147,786	12,923	
18.04.2014	08:24:00	0,097	#-1	#-1	9,6		120,249	12,927	
18.04.2014	08:26:00	0,097	#-1	#-1	9,6		121,622	12,925	
18.04.2014	08:28:00	0,097	#-1	#-1	9,6		119,153	12,927	
18.04.2014	08:30:00	0,096	#-1	#-1	9,6		75,828	12,932	
18.04.2014	08:32:00	0,095	#-1	#-1	9,6		121,714	12,926	
18.04.2014	08:34:00	0,095	#-1	#-1	9,6		137,013	12,924	
18.04.2014	08:36:00	0,095	#-1	#-1	9,6		149,086	12,924	
18.04.2014	08:38:00	0,095	#-1	#-1	9,6		69,128	12,934	
18.04.2014	08:40:00	0,095	#-1	#-1	9,6		117,514	12,925	
18.04.2014	08:42:00	0,095	#-1	#-1	9,6		84,931	12,930	
18.04.2014	08:44:00	0,094	#-1	#-1	9,6		149,517	12,923	
18.04.2014	08:46:00	0,094	#-1	#-1	9,6		68,699	12,934	
18.04.2014	08:48:00	0,094	#-1	#-1	9,6		120,305	12,928	
18.04.2014	08:50:00	0,094	#-1	#-1	9,6		114,871	12,928	
18.04.2014	08:52:00	0,094	#-1	#-1	9,6		141,432	12,922	
18.04.2014	08:54:00	0,094	#-1	#-1	9,6		67,369	12,933	
18.04.2014	08:56:00	0,093	#-1	#-1	9,6		79,537	12,930	
18.04.2014	08:58:00	0,093	#-1	#-1	9,6		85,196	12,929	
18.04.2014	09:00:00	0,093	#-1	#-1	9,6		143,605	12,922	
18.04.2014	09:02:00	0,093	#-1	#-1	9,6		63,127	12,933	
18.04.2014	09:04:00	0,093	#-1	#-1	9,6		75,418	12,932	
18.04.2014	09:06:00	0,093	#-1	#-1	9,6		116,287	12,927	
18.04.2014	09:08:00	0,091	#-1	#-1	9,6		149,634	12,922	
18.04.2014	09:10:00	0,091	#-1	#-1	9,6		114,816	12,926	
18.04.2014	09:12:00	0,091	#-1	#-1	9,6		100,628	12,928	
18.04.2014	09:14:00	0,091	#-1	#-1	9,6		122,512	12,927	
18.04.2014	09:16:00	0,091	#-1	#-1	9,6		149,625	12,920	
18.04.2014	09:18:00	0,091	#-1	#-1	9,6		74,521	12,931	
18.04.2014	09:20:00	0,091	#-1	#-1	9,6		117,834	12,925	
18.04.2014	09:22:00	0,091	#-1	#-1	9,6		138,333	12,926	
18.04.2014	09:24:00	0,091	#-1	#-1	9,6		148,041	12,923	
18.04.2014	09:26:00	0,091	#-1	#-1	9,6		149,497	12,919	
18.04.2014	09:28:00	0,090	#-1	#-1	9,6		87,996	12,930	
18.04.2014	09:30:00	0,090	#-1	#-1	9,6		75,215	12,931	
18.04.2014	09:32:00	0,090	#-1	#-1	9,6		147,918	12,921	
18.04.2014	09:34:00	0,090	#-1	#-1	9,6		149,155	12,921	
18.04.2014	09:36:00	0,090	#-1	#-1	9,6		149,575	12,919	
18.04.2014	09:38:00	0,090	#-1	#-1	9,6		70,917	12,932	
18.04.2014	09:40:00	0,089	#-1	#-1	9,6		71,832	12,931	
18.04.2014	09:42:00	0,088	#-1	#-1	9,6		142,062	12,923	
18.04.2014	09:44:00	0,088	#-1	#-1	9,6		142,154	12,921	
18.04.2014	09:46:00	0,088	#-1	#-1	9,6		71,409	12,931	
18.04.2014	09:48:00	0,088	#-1	#-1	9,6		120,222	12,926	
18.04.2014	09:50:00	0,088	#-1	#-1	9,6		130,410	12,925	
18.04.2014	09:52:00	0,088	#-1	#-1	9,6		126,347	12,926	
18.04.2014	09:54:00	0,088	#-1	#-1	9,6		149,710	12,918	
18.04.2014	09:56:00	0,087	#-1	#-1	9,6		77,473	12,929	
18.04.2014	09:58:00	0,087	#-1	#-1	9,6		78,636	12,929	
18.04.2014	10:00:00	0,087	#-1	#-1	9,6		144,168	12,922	
18.04.2014	10:02:00	0,087	#-1	#-1	9,6		70,027	12,931	
18.04.2014	10:04:00	0,087	#-1	#-1	9,6		82,404	12,928	
18.04.2014	10:06:00	0,087	#-1	#-1	9,6		81,067	12,928	
18.04.2014	10:08:00	0,087	#-1	#-1	9,6		145,389	12,921	
18.04.2014	10:10:00	0,087	#-1	#-1	9,6		147,594	12,919	
18.04.2014	10:12:00	0,087	#-1	#-1	9,6		76,720	12,930	
18.04.2014	10:14:00	0,087	#-1	#-1	9,6		78,452	12,930	
18.04.2014	10:16:00	0,087	#-1	#-1	9,6		135,839	12,923	
18.04.2014	10:18:00	0,086	#-1	#-1	9,6		144,164	12,920	
18.04.2014	10:20:00	0,086	#-1	#-1	9,6		72,485	12,931	
18.04.2014	10:22:00	0,086	#-1	#-1	9,6		83,054	12,927	
18.04.2014	10:24:00	0,086	#-1	#-1	9,6		149,443	12,919	
18.04.2014	10:26:00	0,086	#-1	#-1	9,6		149,482	12,919	
18.04.2014	10:28:00	0,086	#-1	#-1	9,6		87,137	12,929	
18.04.2014	10:30:00	0,085	#-1	#-1	9,6		122,132	12,924	
18.04.2014	10:32:00	0,085	#-1	#-1	9,6		126,772	12,923	
18.04.2014	10:34:00	0,085	#-1	#-1	9,6		104,954	12,925	
18.04.2014	10:36:00	0,085	#-1	#-1	9,6		127,944	12,923	
18.04.2014	10:38:00	0,085	#-1	#-1	9,6		119,950	12,924	
18.04.2014	10:40:00	0,085	#-1	#-1	9,6		121,182	12,924	
18.04.2014	10:42:00	0,085	#-1	#-1	9,6		120,251	12,923	
18.04.2014	10:44:00	0,084	#-1	#-1	9,6		132,143	12,923	
18.04.2014	10:46:00	0,083	#-1	#-1	9,6		130,045	12,923	
18.04.2014	10:48:00	0,083	#-1	#-1	9,6		122,438	12,923	
18.04.2014	10:50:00	0,083	#-1	#-1	9,6		128,480	12,922	
18.04.2014	10:52:00	0,083	#-1	#-1	9,6		128,145	12,923	
18.04.2014	10:54:00	0,083	#-1	#-1	9,6		136,282	12,920	
18.04.2014	10:56:00	0,083	#-1	#-1	9,6		119,189	12,923	
18.04.2014	10:58:00	0,083	#-1	#-1	9,6		128,869	12,923	
18.04.2014	11:00:00	0,082	#-1	#-1	9,6		120,920	12,923	
18.04.2014	11:02:00	0,082	#-1	#-1	9,6		111,571	12,924	
18.04.2014	11:04:00	0,082	#-1	#-1	9,6		116,889	12,923	
18.04.2014	11:06:00	0,082	#-1	#-1	9,6		125,157	12,924	
18.04.2014	11:08:00	0,082	#-1	#-1	9,6		121,817	12,924	
18.04.2014	11:10:00	0,082	#-1	#-1	9,6		118,892	12,923	
18.04.2014	11:12:00	0,082	#-1	#-1	9,6		119,585	12,924	
18.04.2014	11:14:00	0,082	#-1	#-1	9,6		133,086	12,922	
18.04.2014	11:16:00	0,082	#-1	#-1	9,6		121,890	12,923	
18.04.2014	11:18:00	0,082	#-1	#-1	9,5		126,902	12,922	
18.04.2014	11:20:00	0,081	#-1	#-1	9,5		122,877	12,923	
18.04.2014	11:22:00	0,081	#-1	#-1	9,5		129,867	12,923	
18.04.2014	11:24:00	0,081	#-1	#-1	9,5		128,252	12,923	
18.04.2014	11:26:00	0,081	#-1	#-1	9,5		127,174	12,924	
18.04.2014	11:28:00	0,081	#-1	#-1	9,5		127,375	12,923	
18.04.2014	11:30:00	0,081	#-1	#-1	9,5		119,858	12,923	
18.04.2014	11:32:00	0,081	#-1	#-1	9,5		120,368	12,922	
18.04.2014	11:34:00	0,081	#-1	#-1	9,5		124,932	12,923	
18.04.2014	11:36:00	0,081	#-1	#-1	9,5		134,761	12,923	
18.04.2014	11:38:00	0,081	#-1	#-1	9,5		121,242	12,923	
18.04.2014	11:40:00	0,080	#-1	#-1	9,5		119,699	12,923	
18.04.2014	11:42:00	0,080	#-1	#-1	9,5		119,031	12,923	
18.04.2014	11:44:00	0,080	#-1	#-1	9,5		132,271	12,922	
18.04.2014	11:46:00	0,080	#-1	#-1	9,5		132,194	12,923	
18.04.2014	11:48:00	0,080	#-1	#-1	9,5		121,305	12,923	
18.04.2014	11:50:00	0,080	#-1	#-1	9,5		119,862	12,922	
18.04.2014	11:52:00	0,080	#-1	#-1	9,5		118,793	12,923	
18.04.2014	11:54:00	0,080	#-1	#-1	9,5		120,149	12,922	
18.04.2014	11:56:00	0,080	#-1	#-1	9,5		131,597	12,922	
18.04.2014	11:58:00	0,079	#-1	#-1	9,5		111,296	12,924	
18.04.2014	12:00:00	0,079	#-1	#-1	9,5		124,051	12,922	
18.04.2014	12:02:00	0,079	#-1	#-1	9,5		119,813	12,923	
18.04.2014	12:04:00	0,079	#-1	#-1	9,5		124,972	12,922	
18.04.2014	12:06:00	0,079	#-1	#-1	9,5		124,496	12,922	
18.04.2014	12:08:00	0,079	#-1	#-1	9,5		120,797	12,922	
18.04.2014	12:10:00	0,079	#-1	#-1	9,5		120,690	12,921	
18.04.2014	12:12:00	0,079	#-1	#-1	9,5		119,266	12,923	
18.04.2014	12:14:00	0,079	#-1	#-1	9,5		121,725	12,923	
18.04.2014	12:16:00	0,078	#-1	#-1	9,5		123,169	12,923	
18.04.2014	12:18:00	0,078	#-1	#-1	9,5		130,719	12,922	
18.04.2014	12:20:00	0,078	#-1	#-1	9,5		123,317	12,921	
18.04.2014	12:22:00	0,078	#-1	#-1	9,5		120,191	12,922	
18.04.2014	12:24:00	0,078	#-1	#-1	9,5		119,726	12,922	
18.04.2014	12:26:00	0,078	#-1	#-1	9,5		114,500	12,923	
18.04.2014	12:28:00	0,078	#-1	#-1	9,5		120,108	12,923	
18.04.2014	12:30:00	0,078	#-1	#-1	9,5		120,149	12,922	
18.04.2014	12:32:00	0,078	#-1	#-1	9,5		119,769	12,922	
18.04.2014	12:34:00	0,077	#-1	#-1	9,5		110,905	12,923	
18.04.2014	12:36:00	0,077	#-1	#-1	9,5		122,217	12,922	
18.04.2014	12:38:00	0,077	#-1	#-1	9,5		132,201	12,921	
18.04.2014	12:40:00	0,077	#-1	#-1	9,5		123,630	12,922	
18.04.2014	12:42:00	0,077	#-1	#-1	9,5		118,038	12,922	
18.04.2014	12:44:00	0,077	#-1	#-1	9,5		130,833	12,922	
18.04.2014	12:46:00	0,077	#-1	#-1	9,5		130,110	12,921	
18.04.2014	12:48:00	0,077	#-1	#-1	9,5		119,907	12,922	
18.04.2014	12:50:00	0,077	#-1	#-1	9,5		121,844	12,921	
18.04.2014	12:52:00	0,077	#-1	#-1	9,5		119,037	12,922	
18.04.2014	12:54:00	0,076	#-1	#-1	9,5		123,263	12,922	
18.04.2014	12:56:00	0,076	#-1	#-1	9,5		119,371	12,922	
18.04.2014	12:58:00	0,076	#-1	#-1	9,5		118,510	12,921	
18.04.2014	13:00:00	0,076	#-1	#-1	9,5		126,740	12,921	
18.04.2014	13:02:00	0,076	#-1	#-1	9,5		130,298	12,921	
18.04.2014	13:04:00	0,076	#-1	#-1	9,5		119,712	12,922	
18.04.2014	13:06:00	0,076	#-1	#-1	9,5		122,141	12,921	
18.04.2014	13:08:00	0,076	#-1	#-1	9,5		119,218	12,922	
18.04.2014	13:10:00	0,076	#-1	#-1	9,5		133,158	12,921	
18.04.2014	13:12:00	0,076	#-1	#-1	9,5		129,524	12,921	
18.04.2014	13:14:00	0,076	#-1	#-1	9,5		134,361	12,921	
18.04.2014	13:16:00	0,076	#-1	#-1	9,5		127,432	12,921	
18.04.2014	13:18:00	0,076	#-1	#-1	9,5		120,851	12,921	
18.04.2014	13:20:00	0,076	#-1	#-1	9,5		120,871	12,922	
18.04.2014	13:22:00	0,076	#-1	#-1	9,5		118,604	12,921	
18.04.2014	13:24:00	0,076	0,581	15,538	9,5		128,644	12,924	
18.04.2014	13:26:00	0,075	0,581	15,538	9,5		136,870	12,927	
18.04.2014	13:28:00	0,075	0,581	15,538	9,5		120,510	12,930	
18.04.2014	13:30:00	0,075	0,581	15,538	9,5		120,491	12,932	
18.04.2014	13:32:00	0,075	0,581	15,538	9,5		123,652	12,934	
18.04.2014	13:34:00	0,075	0,581	15,538	9,5		120,936	12,935	
18.04.2014	13:36:00	0,075	0,581	15,538	9,5		123,148	12,937	
18.04.2014	13:38:00	0,075	0,581	15,538	9,5		118,624	12,938	
18.04.2014	13:40:00	0,075	0,581	15,538	9,5		124,431	12,938	
18.04.2014	13:42:00	0,075	0,576	15,103	9,5		119,579	12,939	
18.04.2014	13:44:00	0,074	0,576	15,103	9,5		120,765	12,938	
18.04.2014	13:46:00	0,074	0,576	15,103	9,5		120,478	12,939	
18.04.2014	13:48:00	0,074	0,576	15,103	9,5		134,593	12,937	
18.04.2014	13:50:00	0,074	0,576	15,103	9,5		121,642	12,940	
18.04.2014	13:52:00	0,074	0,576	15,103	9,5		132,246	12,938	
18.04.2014	13:54:00	0,074	0,576	15,103	9,5		119,859	12,940	
18.04.2014	13:56:00	0,074	0,576	15,103	9,5		120,394	12,940	
18.04.2014	13:58:00	0,074	0,576	15,103	9,5		119,951	12,940	
18.04.2014	14:00:00	0,074	0,576	15,103	9,5		120,912	12,940	
18.04.2014	14:02:00	0,074	0,576	15,103	9,5		120,431	12,940	
18.04.2014	14:04:00	0,074	0,576	15,103	9,5		120,128	12,940	
18.04.2014	14:06:00	0,074	0,576	15,103	9,5		121,270	12,940	
18.04.2014	14:08:00	0,074	0,571	14,673	9,5		122,467	12,941	
18.04.2014	14:10:00	0,073	0,571	14,673	9,5		120,399	12,941	
18.04.2014	14:12:00	0,073	0,571	14,673	9,5		123,973	12,942	
18.04.2014	14:14:00	0,073	0,571	14,673	9,5		120,114	12,940	
18.04.2014	14:16:00	0,073	0,571	14,673	9,5		120,347	12,940	
18.04.2014	14:18:00	0,073	0,571	14,673	9,5		120,106	12,940	
18.04.2014	14:20:00	0,073	0,571	14,673	9,5		121,088	12,940	
18.04.2014	14:22:00	0,073	0,571	14,673	9,5		136,327	12,941	
18.04.2014	14:24:00	0,073	0,571	14,673	9,5		118,228	12,942	
18.04.2014	14:26:00	0,073	0,571	14,673	9,5		135,174	12,939	
18.04.2014	14:28:00	0,073	0,571	14,673	9,5		123,796	12,941	
18.04.2014	14:30:00	0,073	0,571	14,673	9,5		133,755	12,939	
18.04.2014	14:32:00	0,073	0,571	14,673	9,5		120,510	12,941	
18.04.2014	14:34:00	0,073	0,571	14,673	9,5		120,391	12,940	
18.04.2014	14:36:00	0,073	0,571	14,673	9,5		120,635	12,941	
18.04.2014	14:38:00	0,073	0,571	14,673	9,5		121,180	12,941	
18.04.2014	14:40:00	0,073	0,571	14,673	9,5		122,141	12,941	
18.04.2014	14:42:00	0,073	0,571	14,673	9,5		120,364	12,941	
18.04.2014	14:44:00	0,073	0,571	14,673	9,5		120,141	12,940	
18.04.2014	14:46:00	0,073	0,571	14,673	9,5		120,955	12,941	
18.04.2014	14:48:00	0,073	0,571	14,673	9,5		119,862	12,941	
18.04.2014	14:50:00	0,073	0,571	14,673	9,5		120,307	12,940	
18.04.2014	14:52:00	0,073	0,566	14,250	9,5		120,665	12,941	
18.04.2014	14:54:00	0,072	0,566	14,250	9,5		124,263	12,941	
18.04.2014	14:56:00	0,072	0,566	14,250	9,5		125,419	12,942	
18.04.2014	14:58:00	0,072	0,566	14,250	9,5		105,605	12,941	
18.04.2014	15:00:00	0,072	0,566	14,250	9,5		125,500	12,941	
18.04.2014	15:02:00	0,072	0,566	14,250	9,5		121,585	12,941	
18.04.2014	15:04:00	0,072	0,566	14,250	9,5		133,910	12,939	
18.04.2014	15:06:00	0,072	0,566	14,250	9,5		125,359	12,941	
18.04.2014	15:08:00	0,072	0,566	14,250	9,5		120,445	12,939	
18.04.2014	15:10:00	0,072	0,566	14,250	9,5		119,750	12,940	
18.04.2014	15:12:00	0,072	0,566	14,250	9,5		120,844	12,940	
18.04.2014	15:14:00	0,072	0,566	14,250	9,4		120,209	12,939	
18.04.2014	15:16:00	0,072	0,566	14,250	9,4		121,224	12,940	
18.04.2014	15:18:00	0,072	0,566	14,250	9,5		132,390	12,937	
18.04.2014	15:20:00	0,072	0,566	14,250	9,5		120,415	12,940	
18.04.2014	15:22:00	0,072	0,566	14,250	9,5		124,282	12,941	
18.04.2014	15:24:00	0,072	0,561	13,834	9,5		125,603	12,940	
18.04.2014	15:26:00	0,071	0,561	13,834	9,5		123,408	12,941	
18.04.2014	15:28:00	0,071	0,561	13,834	9,5		120,887	12,939	
18.04.2014	15:30:00	0,071	0,561	13,834	9,5		105,483	12,941	
18.04.2014	15:32:00	0,071	0,561	13,834	9,5		120,334	12,939	
18.04.2014	15:34:00	0,071	0,561	13,834	9,5		121,316	12,940	
18.04.2014	15:36:00	0,071	0,561	13,834	9,5		120,231	12,939	
18.04.2014	15:38:00	0,071	0,561	13,834	9,5		119,997	12,940	
18.04.2014	15:40:00	0,071	0,561	13,834	9,5		120,583	12,939	
18.04.2014	15:42:00	0,071	0,561	13,834	9,5		120,491	12,939	
18.04.2014	15:44:00	0,071	0,561	13,834	9,5		123,150	12,940	
18.04.2014	15:46:00	0,071	0,561	13,834	9,5		105,977	12,940	
18.04.2014	15:48:00	0,071	0,561	13,834	9,5		119,821	12,939	
18.04.2014	15:50:00	0,071	0,561	13,834	9,4		132,509	12,937	
18.04.2014	15:52:00	0,071	0,561	13,834	9,4		119,943	12,940	
18.04.2014	15:54:00	0,071	0,561	13,834	9,4		119,311	12,940	
18.04.2014	15:56:00	0,071	0,561	13,834	9,4		120,339	12,939	
18.04.2014	15:58:00	0,071	0,561	13,834	9,4		120,098	12,938	
18.04.2014	16:00:00	0,071	0,561	13,834	9,4		134,211	12,938	
18.04.2014	16:02:00	0,071	0,561	13,834	9,4		120,478	12,939	
18.04.2014	16:04:00	0,071	0,561	13,834	9,4		120,274	12,941	
18.04.2014	16:06:00	0,071	0,561	13,834	9,4		125,134	12,940	
18.04.2014	16:08:00	0,071	0,561	13,834	9,4		123,332	12,939	
18.04.2014	16:10:00	0,071	0,561	13,834	9,4		119,916	12,939	
18.04.2014	16:12:00	0,071	0,561	13,834	9,4		131,134	12,937	
18.04.2014	16:14:00	0,071	0,561	13,834	9,4		119,571	12,939	
18.04.2014	16:16:00	0,071	0,561	13,834	9,4		134,081	12,938	
18.04.2014	16:18:00	0,071	0,561	13,834	9,4		120,646	12,940	
18.04.2014	16:20:00	0,071	0,561	13,834	9,4		120,073	12,938	
18.04.2014	16:22:00	0,071	0,561	13,834	9,4		121,267	12,939	
18.04.2014	16:24:00	0,071	0,561	13,834	9,4		135,519	12,939	
18.04.2014	16:26:00	0,071	0,561	13,834	9,4		133,313	12,938	
18.04.2014	16:28:00	0,071	0,561	13,834	9,4		119,984	12,939	
18.04.2014	16:30:00	0,071	0,555	13,424	9,4		121,069	12,938	
18.04.2014	16:32:00	0,070	0,555	13,424	9,4		125,205	12,940	
18.04.2014	16:34:00	0,070	0,555	13,424	9,4		120,684	12,937	
18.04.2014	16:36:00	0,070	0,555	13,424	9,4		120,684	12,939	
18.04.2014	16:38:00	0,070	0,555	13,424	9,4		121,674	12,938	
18.04.2014	16:40:00	0,070	0,555	13,424	9,4		120,375	12,938	
18.04.2014	16:42:00	0,070	0,555	13,424	9,4		120,600	12,938	
18.04.2014	16:44:00	0,070	0,555	13,424	9,4		134,246	12,937	
18.04.2014	16:46:00	0,070	0,555	13,424	9,4		120,315	12,939	
18.04.2014	16:48:00	0,070	0,555	13,424	9,4		118,120	12,939	
18.04.2014	16:50:00	0,070	0,555	13,424	9,5		121,028	12,937	
18.04.2014	16:52:00	0,070	0,555	13,424	9,5		119,932	12,938	
18.04.2014	16:54:00	0,070	0,555	13,424	9,5		120,638	12,938	
18.04.2014	16:56:00	0,070	0,555	13,424	9,5		124,969	12,939	
18.04.2014	16:58:00	0,070	0,555	13,424	9,5		114,893	12,939	
18.04.2014	17:00:00	0,070	0,555	13,424	9,5		105,966	12,940	
18.04.2014	17:02:00	0,070	0,555	13,424	9,5		118,584	12,939	
18.04.2014	17:04:00	0,070	0,555	13,424	9,5		126,380	12,939	
18.04.2014	17:06:00	0,070	0,555	13,424	9,5		105,412	12,939	
18.04.2014	17:08:00	0,070	0,555	13,424	9,5		136,322	12,937	
18.04.2014	17:10:00	0,069	0,550	13,020	9,5		124,021	12,939	
18.04.2014	17:12:00	0,069	0,550	13,020	9,5		120,456	12,937	
18.04.2014	17:14:00	0,069	0,550	13,020	9,5		105,925	12,941	
18.04.2014	17:16:00	0,069	0,550	13,020	9,5		135,679	12,937	
18.04.2014	17:18:00	0,069	0,550	13,020	9,5		126,361	12,939	
18.04.2014	17:20:00	0,069	0,550	13,020	9,5		120,060	12,939	
18.04.2014	17:22:00	0,069	0,550	13,020	9,5		120,806	12,938	
18.04.2014	17:24:00	0,069	0,550	13,020	9,5		119,617	12,938	
18.04.2014	17:26:00	0,069	0,550	13,020	9,5		123,248	12,939	
18.04.2014	17:28:00	0,069	0,550	13,020	9,5		120,092	12,937	
18.04.2014	17:30:00	0,069	0,550	13,020	9,5		120,413	12,938	
18.04.2014	17:32:00	0,069	0,550	13,020	9,5		120,961	12,938	
18.04.2014	17:34:00	0,069	0,550	13,020	9,5		123,951	12,939	
18.04.2014	17:36:00	0,069	0,550	13,020	9,4		124,415	12,938	
18.04.2014	17:38:00	0,069	0,550	13,020	9,4		120,801	12,938	
18.04.2014	17:40:00	0,069	0,550	13,020	9,4		120,152	12,938	
18.04.2014	17:42:00	0,069	0,550	13,020	9,4		121,031	12,938	
18.04.2014	17:44:00	0,069	0,550	13,020	9,4		123,058	12,937	
18.04.2014	17:46:00	0,069	0,550	13,020	9,4		115,004	12,938	
18.04.2014	17:48:00	0,069	0,550	13,020	9,4		125,479	12,938	
18.04.2014	17:50:00	0,069	0,550	13,020	9,4		120,068	12,938	
18.04.2014	17:52:00	0,069	0,545	12,623	9,4		126,363	12,938	
18.04.2014	17:54:00	0,068	0,545	12,623	9,4		119,965	12,937	
18.04.2014	17:56:00	0,068	0,545	12,623	9,4		120,274	12,938	
18.04.2014	17:58:00	0,068	0,545	12,623	9,4		120,657	12,937	
18.04.2014	18:00:00	0,068	0,545	12,623	9,4		120,480	12,938	
18.04.2014	18:02:00	0,068	0,545	12,623	9,4		120,280	12,938	
18.04.2014	18:04:00	0,068	0,545	12,623	9,4		120,640	12,937	
18.04.2014	18:06:00	0,068	0,545	12,623	9,4		120,551	12,937	
18.04.2014	18:08:00	0,068	0,545	12,623	9,4		120,087	12,938	
18.04.2014	18:10:00	0,068	0,545	12,623	9,4		120,407	12,937	
18.04.2014	18:12:00	0,068	0,545	12,623	9,4		122,979	12,937	
18.04.2014	18:14:00	0,068	0,545	12,623	9,4		123,519	12,937	
18.04.2014	18:16:00	0,068	0,545	12,623	9,4		120,415	12,937	
18.04.2014	18:18:00	0,068	0,545	12,623	9,4		118,323	12,937	
18.04.2014	18:20:00	0,068	0,545	12,623	9,4		118,839	12,937	
18.04.2014	18:22:00	0,068	0,545	12,623	9,4		131,419	12,936	
18.04.2014	18:24:00	0,068	0,545	12,623	9,4		136,401	12,937	
18.04.2014	18:26:00	0,068	0,545	12,623	9,4		130,493	12,936	
18.04.2014	18:28:00	0,068	0,545	12,623	9,4		151,363	12,935	
18.04.2014	18:30:00	0,068	0,545	12,623	9,4		150,410	12,934	
18.04.2014	18:32:00	0,068	0,545	12,623	9,4		136,097	12,936	
18.04.2014	18:34:00	0,068	0,545	12,623	9,4		135,112	12,935	
18.04.2014	18:36:00	0,068	0,545	12,623	9,4		120,483	12,937	
18.04.2014	18:38:00	0,068	0,545	12,623	9,4		120,347	12,937	
18.04.2014	18:40:00	0,068	0,545	12,623	9,5		120,524	12,937	
18.04.2014	18:42:00	0,068	0,545	12,623	9,5		119,905	12,936	
18.04.2014	18:44:00	0,068	0,545	12,623	9,5		119,984	12,936	
18.04.2014	18:46:00	0,068	0,545	12,623	9,5		120,361	12,937	
18.04.2014	18:48:00	0,068	0,545	12,623	9,5		134,653	12,935	
18.04.2014	18:50:00	0,068	0,545	12,623	9,5		118,307	12,936	
18.04.2014	18:52:00	0,068	0,540	12,232	9,5		118,795	12,936	
18.04.2014	18:54:00	0,067	0,540	12,232	9,5		144,137	12,935	
18.04.2014	18:56:00	0,067	0,540	12,232	9,5		143,450	12,934	
18.04.2014	18:58:00	0,068	0,540	12,232	9,5		143,741	12,934	
18.04.2014	19:00:00	0,067	0,540	12,232	9,4		143,312	12,934	
18.04.2014	19:02:00	0,067	0,540	12,232	9,4		145,971	12,934	
18.04.2014	19:04:00	0,067	0,540	12,232	9,5		144,031	12,933	
18.04.2014	19:06:00	0,067	0,540	12,232	9,4		146,161	12,933	
18.04.2014	19:08:00	0,067	0,540	12,232	9,4		132,556	12,934	
18.04.2014	19:10:00	0,067	0,540	12,232	9,4		121,354	12,936	
18.04.2014	19:12:00	0,067	0,540	12,232	9,4		132,393	12,933	
18.04.2014	19:14:00	0,067	0,540	12,232	9,4		120,388	12,936	
18.04.2014	19:16:00	0,067	0,540	12,232	9,5		119,902	12,935	
18.04.2014	19:18:00	0,067	0,540	12,232	9,5		120,331	12,935	
18.04.2014	19:20:00	0,067	0,540	12,232	9,5		121,799	12,935	
18.04.2014	19:22:00	0,067	0,540	12,232	9,5		133,177	12,935	
18.04.2014	19:24:00	0,067	0,540	12,232	9,5		143,695	12,934	
18.04.2014	19:26:00	0,067	0,540	12,232	9,5		145,844	12,933	
18.04.2014	19:28:00	0,067	0,540	12,232	9,5		147,860	12,933	
18.04.2014	19:30:00	0,067	0,540	12,232	9,5		143,475	12,934	
18.04.2014	19:32:00	0,067	0,540	12,232	9,5		143,255	12,933	
18.04.2014	19:34:00	0,067	0,540	12,232	9,5		142,577	12,934	
18.04.2014	19:36:00	0,067	0,540	12,232	9,5		146,297	12,933	
18.04.2014	19:38:00	0,067	0,540	12,232	9,5		144,362	12,933	
18.04.2014	19:40:00	0,067	0,540	12,232	9,5		142,495	12,934	
18.04.2014	19:42:00	0,067	0,540	12,232	9,5		103,760	12,937	
18.04.2014	19:44:00	0,067	0,540	12,232	9,5		131,470	12,936	
18.04.2014	19:46:00	0,067	0,540	12,232	9,5		140,292	12,934	
18.04.2014	19:48:00	0,067	0,540	12,232	9,5		128,662	12,934	
18.04.2014	19:50:00	0,067	0,540	12,232	9,5		119,034	12,935	
18.04.2014	19:52:00	0,067	0,540	12,232	9,5		119,115	12,934	
18.04.2014	19:54:00	0,067	0,540	12,232	9,5		122,201	12,936	
18.04.2014	19:56:00	0,067	0,540	12,232	9,5		142,422	12,932	
18.04.2014	19:58:00	0,067	0,540	12,232	9,5		147,919	12,933	
18.04.2014	20:00:00	0,067	0,540	12,232	9,5		137,776	12,933	
18.04.2014	20:02:00	0,067	0,540	12,232	9,5		145,873	12,932	
18.04.2014	20:04:00	0,067	0,535	11,847	9,5		142,723	12,933	
18.04.2014	20:06:00	0,066	0,535	11,847	9,5		146,050	12,932	
18.04.2014	20:08:00	0,066	0,535	11,847	9,5		147,301	12,932	
18.04.2014	20:10:00	0,066	0,535	11,847	9,5		135,958	12,934	
18.04.2014	20:12:00	0,066	0,535	11,847	9,5		132,990	12,934	
18.04.2014	20:14:00	0,066	0,535	11,847	9,5		135,315	12,934	
18.04.2014	20:16:00	0,066	0,535	11,847	9,5		146,036	12,932	
18.04.2014	20:18:00	0,066	0,535	11,847	9,5		131,739	12,934	
18.04.2014	20:20:00	0,066	0,535	11,847	9,5		137,676	12,934	
18.04.2014	20:22:00	0,066	0,535	11,847	9,5		144,932	12,932	
18.04.2014	20:24:00	0,066	0,535	11,847	9,5		145,127	12,931	
18.04.2014	20:26:00	0,066	0,535	11,847	9,5		144,674	12,932	
18.04.2014	20:28:00	0,066	0,535	11,847	9,5		144,093	12,931	
18.04.2014	20:30:00	0,066	0,535	11,847	9,5		131,695	12,933	
18.04.2014	20:32:00	0,066	0,535	11,847	9,5		125,837	12,934	
18.04.2014	20:34:00	0,066	0,535	11,847	9,5		119,181	12,936	
18.04.2014	20:36:00	0,066	0,535	11,847	9,5		140,927	12,931	
18.04.2014	20:38:00	0,066	0,535	11,847	9,5		119,780	12,934	
18.04.2014	20:40:00	0,066	0,535	11,847	9,5		144,473	12,932	
18.04.2014	20:42:00	0,066	0,535	11,847	9,5		145,871	12,931	
18.04.2014	20:44:00	0,066	0,535	11,847	9,5		144,823	12,932	
18.04.2014	20:46:00	0,066	0,535	11,847	9,5		136,175	12,932	
18.04.2014	20:48:00	0,066	0,535	11,847	9,5		146,191	12,931	
18.04.2014	20:50:00	0,066	0,535	11,847	9,5		145,038	12,931	
18.04.2014	20:52:00	0,066	0,535	11,847	9,5		133,313	12,932	
18.04.2014	20:54:00	0,066	0,535	11,847	9,5		146,422	12,931	
18.04.2014	20:56:00	0,066	0,535	11,847	9,5		145,863	12,931	
18.04.2014	20:58:00	0,066	0,535	11,847	9,5		144,913	12,931	
18.04.2014	21:00:00	0,066	0,535	11,847	9,5		146,066	12,932	
18.04.2014	21:02:00	0,066	0,535	11,847	9,5		142,349	12,932	
18.04.2014	21:04:00	0,066	0,535	11,847	9,5		144,981	12,931	
18.04.2014	21:06:00	0,066	0,535	11,847	9,5		142,802	12,931	
18.04.2014	21:08:00	0,066	0,535	11,847	9,5		77,699	12,939	
18.04.2014	21:10:00	0,066	0,535	11,847	9,5		72,139	12,941	
18.04.2014	21:12:00	0,066	0,535	11,847	9,5		71,032	12,941	
18.04.2014	21:14:00	0,066	0,535	11,847	9,5		64,367	12,942	
18.04.2014	21:16:00	0,066	0,535	11,847	9,5		70,069	12,941	
18.04.2014	21:18:00	0,066	0,535	11,847	9,5		66,492	12,941	
18.04.2014	21:20:00	0,066	0,000	0,000	9,5		147,458	12,930	
18.04.2014	21:22:00	0,065	0,000	0,000	9,5		123,392	12,934	
18.04.2014	21:24:00	0,065	0,000	0,000	9,5		145,727	12,931	
18.04.2014	21:26:00	0,065	0,000	0,000	9,5		129,894	12,932	
18.04.2014	21:28:00	0,065	0,000	0,000	9,5		135,630	12,932	
18.04.2014	21:30:00	0,065	0,000	0,000	9,5		135,842	12,931	
18.04.2014	21:32:00	0,065	0,000	0,000	9,5		127,533	12,933	
18.04.2014	21:34:00	0,065	0,000	0,000	9,5		115,262	12,935	
18.04.2014	21:36:00	0,065	0,000	0,000	9,5		115,957	12,934	
18.04.2014	21:38:00	0,065	0,000	0,000	9,5		145,825	12,930	
18.04.2014	21:40:00	0,065	0,000	0,000	9,5		126,890	12,932	
18.04.2014	21:42:00	0,065	0,000	0,000	9,5		132,295	12,931	
18.04.2014	21:44:00	0,065	0,000	0,000	9,5		146,066	12,929	
18.04.2014	21:46:00	0,065	0,000	0,000	9,5		72,530	12,941	
18.04.2014	21:48:00	0,065	0,000	0,000	9,5		71,151	12,941	
18.04.2014	21:50:00	0,065	0,000	0,000	9,5		97,421	12,936	
18.04.2014	21:52:00	0,065	0,000	0,000	9,5		149,607	12,927	
18.04.2014	21:54:00	0,065	0,000	0,000	9,5		136,026	12,931	
18.04.2014	21:56:00	0,065	0,000	0,000	9,5		146,715	12,930	
18.04.2014	21:58:00	0,065	0,000	0,000	9,5		142,674	12,930	
18.04.2014	22:00:00	0,065	0,000	0,000	9,5		103,727	12,933	
18.04.2014	22:02:00	0,065	0,000	0,000	9,5		142,956	12,930	
18.04.2014	22:04:00	0,065	0,000	0,000	9,5		131,785	12,931	
18.04.2014	22:06:00	0,065	0,000	0,000	9,5		145,990	12,930	
18.04.2014	22:08:00	0,065	0,000	0,000	9,6		146,704	12,930	
18.04.2014	22:10:00	0,065	0,000	0,000	9,6		145,518	12,930	
18.04.2014	22:12:00	0,065	0,000	0,000	9,6		72,655	12,939	
18.04.2014	22:14:00	0,065	0,000	0,000	9,6		67,493	12,940	
18.04.2014	22:16:00	0,065	0,000	0,000	9,6		69,626	12,939	
18.04.2014	22:18:00	0,064	0,000	0,000	9,6		71,021	12,939	
18.04.2014	22:20:00	0,064	0,000	0,000	9,6		70,826	12,939	
18.04.2014	22:22:00	0,064	0,000	0,000	9,6		97,033	12,935	
18.04.2014	22:24:00	0,064	0,000	0,000	9,6		71,746	12,939	
18.04.2014	22:26:00	0,064	0,000	0,000	9,6		67,344	12,940	
18.04.2014	22:28:00	0,064	0,000	0,000	9,6		71,230	12,939	
18.04.2014	22:30:00	0,064	0,000	0,000	9,6		73,311	12,938	
18.04.2014	22:32:00	0,064	0,000	0,000	9,6		108,071	12,934	
18.04.2014	22:34:00	0,064	0,000	0,000	9,6		142,628	12,930	
18.04.2014	22:36:00	0,064	0,000	0,000	9,6		73,165	12,939	
18.04.2014	22:38:00	0,064	0,000	0,000	9,6		66,484	12,939	
18.04.2014	22:40:00	0,064	0,000	0,000	9,6		69,089	12,939	
18.04.2014	22:42:00	0,064	0,000	0,000	9,6		67,143	12,940	
18.04.2014	22:44:00	0,064	0,000	0,000	9,6		75,270	12,937	
18.04.2014	22:46:00	0,064	0,000	0,000	9,6		72,538	12,939	
18.04.2014	22:48:00	0,064	0,000	0,000	9,6		148,402	12,929	
18.04.2014	22:50:00	0,064	0,000	0,000	9,6		147,759	12,928	
18.04.2014	22:52:00	0,064	0,000	0,000	9,6		134,002	12,930	
18.04.2014	22:54:00	0,064	0,000	0,000	9,6		119,015	12,931	
18.04.2014	22:56:00	0,064	0,000	0,000	9,6		143,320	12,928	
18.04.2014	22:58:00	0,064	0,000	0,000	9,6		144,878	12,928	
18.04.2014	23:00:00	0,064	0,000	0,000	9,6		98,702	12,934	
18.04.2014	23:02:00	0,064	0,000	0,000	9,6		67,162	12,939	
18.04.2014	23:04:00	0,064	0,000	0,000	9,6		69,702	12,938	
18.04.2014	23:06:00	0,064	0,000	0,000	9,6		67,507	12,939	
18.04.2014	23:08:00	0,064	0,000	0,000	9,6		74,557	12,937	
18.04.2014	23:10:00	0,064	0,000	0,000	9,6		74,619	12,937	
18.04.2014	23:12:00	0,064	0,000	0,000	9,6		74,158	12,937	
18.04.2014	23:14:00	0,064	0,000	0,000	9,6		71,121	12,938	
18.04.2014	23:16:00	0,064	0,000	0,000	9,6		97,046	12,934	
18.04.2014	23:18:00	0,064	0,000	0,000	9,6		72,652	12,938	
18.04.2014	23:20:00	0,064	0,000	0,000	9,6		73,292	12,937	
18.04.2014	23:22:00	0,064	0,000	0,000	9,6		72,079	12,938	
18.04.2014	23:24:00	0,064	0,000	0,000	9,6		70,543	12,938	
18.04.2014	23:26:00	0,064	0,000	0,000	9,6		134,314	12,928	
18.04.2014	23:28:00	0,064	0,000	0,000	9,6		71,376	12,938	
18.04.2014	23:30:00	0,064	0,000	0,000	9,6		97,087	12,934	
18.04.2014	23:32:00	0,064	0,000	0,000	9,6		71,960	12,936	
18.04.2014	23:34:00	0,064	0,000	0,000	9,6		117,346	12,932	
18.04.2014	23:36:00	0,064	0,000	0,000	9,6		104,077	12,933	
18.04.2014	23:38:00	0,064	0,000	0,000	9,6		149,271	12,928	
18.04.2014	23:40:00	0,064	0,000	0,000	9,6		137,122	12,929	
18.04.2014	23:42:00	0,064	0,000	0,000	9,6		146,017	12,928	
18.04.2014	23:44:00	0,064	0,000	0,000	9,6		129,495	12,928	
18.04.2014	23:46:00	0,064	0,000	0,000	9,6		144,262	12,929	
18.04.2014	23:48:00	0,064	0,000	0,000	9,6		146,511	12,927	
18.04.2014	23:50:00	0,064	0,000	0,000	9,6		143,518	12,928	
18.04.2014	23:52:00	0,064	0,000	0,000	9,6		145,173	12,927	
18.04.2014	23:54:00	0,064	0,000	0,000	9,6		141,887	12,928	
18.04.2014	23:56:00	0,064	0,000	0,000	9,6		142,009	12,928	
18.04.2014	23:58:00	0,064	0,000	0,000	9,6		146,392	12,927	
